stk.v.4.3 

BEGIN Ephemeris 

NumberOfEpemerisPoints 240
Central Body Earth
CoordinateSystem Inertial
EphemerisTimePosVel
15 2.37605586955102e+04 1.21267875949668e+04 1.59528382987266e+03 -1.28167647792206e+00 3.03625406530166e+00 
15 2.35980646987239e+04 1.23713072679507e+04 1.97095815026338e+03 -1.34293633055100e+00 3.03164095532148e+00 
15 2.34300072300574e+04 1.26091194561159e+04 2.34169241720877e+03 -1.40311517893297e+00 3.02612226540627e+00 
15 2.32566485535006e+04 1.28403373093318e+04 2.70747979750872e+03 -1.46222120415225e+00 3.01972987297456e+00 
15 2.30782413713730e+04 1.30650737189667e+04 3.06831827208681e+03 -1.52026307195348e+00 3.01249469969213e+00 
15 2.28950291307374e+04 1.32834411638034e+04 3.42421029002774e+03 -1.57724988542203e+00 3.00444673429558e+00 
15 2.27072463233779e+04 1.34955515703654e+04 3.77516244307283e+03 -1.63319114082847e+00 2.99561505541649e+00 
15 2.25151187791051e+04 1.37015161865980e+04 4.12118515945602e+03 -1.68809668644410e+00 2.98602785434078e+00 
15 2.23188639522095e+04 1.39014454679193e+04 4.46229241601028e+03 -1.74197668414503e+00 2.97571245764596e+00 
15 2.21186912009244e+04 1.40954489747213e+04 4.79850146753592e+03 -1.79484157363366e+00 2.96469534966559e+00 
15 2.19148020598071e+04 1.42836352804662e+04 5.12983259246758e+03 -1.84670203911577e+00 2.95300219473692e+00 
15 2.17073905049794e+04 1.44661118895798e+04 5.45630885393250e+03 -1.89756897828187e+00 2.94065785919323e+00 
15 2.14966432122026e+04 1.46429851644002e+04 5.77795587533320e+03 -1.94745347344932e+00 2.92768643306757e+00 
15 2.12827398077911e+04 1.48143602604895e+04 6.09480162964003e+03 -1.99636676473141e+00 2.91411125147941e+00 
15 2.10658531123907e+04 1.49803410696660e+04 6.40687624161692e+03 -2.04432022510674e+00 2.89995491567983e+00 
15 2.08461493776721e+04 1.51410301701571e+04 6.71421180224747e+03 -2.09132533727008e+00 2.88523931373467e+00 
15 2.06237885160090e+04 1.52965287833159e+04 7.01684219466641e+03 -2.13739367215295e+00 2.86998564082852e+00 
15 2.03989243232215e+04 1.54469367363850e+04 7.31480293094250e+03 -2.18253686900934e+00 2.85421441917553e+00 
15 2.01717046944849e+04 1.55923524308239e+04 7.60813099908916e+03 -2.22676661696743e+00 2.83794551752566e+00 
15 1.99422718335155e+04 1.57328728157530e+04 7.89686471971513e+03 -2.27009463795462e+00 2.82119817025774e+00 
15 1.97107624551475e+04 1.58685933660981e+04 8.18104361176341e+03 -2.31253267090918e+00 2.80399099605244e+00 
15 1.94773079814340e+04 1.59996080650500e+04 8.46070826681034e+03 -2.35409245719619e+00 2.78634201614085e+00 
15 1.92420347314032e+04 1.61260093904785e+04 8.73590023143157e+03 -2.39478572715123e+00 2.76826867212549e+00 
15 1.90050641046108e+04 1.62478883049685e+04 9.00666189716529e+03 -2.43462418767937e+00 2.74978784337269e+00 
15 1.87665127586322e+04 1.63653342491695e+04 9.27303639763131e+03 -2.47361951084186e+00 2.73091586397627e+00 
15 1.85264927806414e+04 1.64784351381703e+04 9.53506751238825e+03 -2.51178332336664e+00 2.71166853929387e+00 
15 1.82851118532261e+04 1.65872773606342e+04 9.79279957713518e+03 -2.54912719702318e+00 2.69206116205835e+00 
15 1.80424734145912e+04 1.66919457804460e+04 1.00462773998837e+04 -2.58566263980495e+00 2.67210852806761e+00 
15 1.77986768132980e+04 1.67925237406451e+04 1.02955461827533e+04 -2.62140108786769e+00 2.65182495145682e+00 
15 1.75538174576975e+04 1.68890930694285e+04 1.05406514490534e+04 -2.65635389817300e+00 2.63122427955833e+00 
15 1.73079869602011e+04 1.69817340880326e+04 1.07816389753445e+04 -2.69053234179175e+00 2.61031990735423e+00 
15 1.70612732765465e+04 1.70705256203069e+04 1.10185547281793e+04 -2.72394759782297e+00 2.58912479152826e+00 
15 1.68137608402012e+04 1.71555450038161e+04 1.12514448052493e+04 -2.75661074788794e+00 2.56765146412289e+00 
15 1.65655306920557e+04 1.72368681023115e+04 1.14803553806711e+04 -2.78853277116066e+00 2.54591204580903e+00 
15 1.63166606055485e+04 1.73145693194297e+04 1.17053326541672e+04 -2.81972453989895e+00 2.52391825877527e+00 
15 1.60672252073673e+04 1.73887216134862e+04 1.19264228039074e+04 -2.85019681544228e+00 2.50168143924417e+00 
15 1.58172960938658e+04 1.74593965132397e+04 1.21436719427906e+04 -2.87996024464478e+00 2.47921254962329e+00 
15 1.55669419433356e+04 1.75266641345145e+04 1.23571260779590e+04 -2.90902535671351e+00 2.45652219029894e+00 
15 1.53162286242650e+04 1.75905931975776e+04 1.25668310733511e+04 -2.93740256042431e+00 2.43362061108030e+00 
15 1.50652192997203e+04 1.76512510451723e+04 1.27728326151062e+04 -2.96510214168898e+00 2.41051772230237e+00 
15 1.48139745279754e+04 1.77087036611209e+04 1.29751761796500e+04 -2.99213426144934e+00 2.38722310559539e+00 
15 1.45625523595176e+04 1.77630156894149e+04 1.31739070042948e+04 -3.01850895387511e+00 2.36374602432934e+00 
15 1.43110084305505e+04 1.78142504537168e+04 1.33690700602018e+04 -3.04423612484421e+00 2.34009543374120e+00 
15 1.40593960531151e+04 1.78624699772049e+04 1.35607100275589e+04 -3.06932555068510e+00 2.31627999075334e+00 
15 1.38077663019437e+04 1.79077350026984e+04 1.37488712728385e+04 -3.09378687716245e+00 2.29230806349100e+00 
15 1.35561680981606e+04 1.79501050130032e+04 1.39335978280039e+04 -3.11762961868818e+00 2.26818774050680e+00 
15 1.33046482899389e+04 1.79896382514267e+04 1.41149333715453e+04 -3.14086315774147e+00 2.24392683972023e+00 
15 1.30532517302197e+04 1.80263917424120e+04 1.42929212112298e+04 -3.16349674448209e+00 2.21953291707988e+00 
15 1.28020213515970e+04 1.80604213122473e+04 1.44676042684565e+04 -3.18553949654239e+00 2.19501327495608e+00 
15 1.25509982384701e+04 1.80917816098094e+04 1.46390250641161e+04 -3.20700039898438e+00 2.17037497027174e+00 
15 1.23002216965572e+04 1.81205261273055e+04 1.48072257058605e+04 -3.22788830440926e+00 2.14562482237842e+00 
15 1.20497293198674e+04 1.81467072209776e+04 1.49722478766894e+04 -3.24821193320712e+00 2.12076942068542e+00 
15 1.17995570552212e+04 1.81703761317409e+04 1.51341328247719e+04 -3.26797987393590e+00 2.09581513204871e+00 
15 1.15497392644064e+04 1.81915830057275e+04 1.52929213544208e+04 -3.28720058381895e+00 2.07076810792704e+00 
15 1.13003087840558e+04 1.82103769147104e+04 1.54486538181473e+04 -3.30588238935160e+00 2.04563429131169e+00 
15 1.10512969833301e+04 1.82268058763850e+04 1.56013701097211e+04 -3.32403348700719e+00 2.02041942343734e+00 
15 1.08027338194815e+04 1.82409168744887e+04 1.57511096581748e+04 -3.34166194403459e+00 1.99512905027960e+00 
15 1.05546478913806e+04 1.82527558787392e+04 1.58979114226839e+04 -3.35877569933847e+00 1.96976852884677e+00 
15 1.03070664910764e+04 1.82623678645756e+04 1.60418138882685e+04 -3.37538256443556e+00 1.94434303327123e+00 
15 1.00600156534634e+04 1.82697968326884e+04 1.61828550622579e+04 -3.39149022447930e+00 1.91885756070706e+00 
15 9.81352020412371e+03 1.82750858283249e+04 1.63210724714671e+04 -3.40710623934682e+00 1.89331693703964e+00 
15 9.56760380541355e+03 1.82782769603588e+04 1.64565031600362e+04 -3.42223804478177e+00 1.86772582241333e+00 
15 9.32228900085440e+03 1.82794114201142e+04 1.65891836878863e+04 -3.43689295358764e+00 1.84208871658238e+00 
15 9.07759725789534e+03 1.82785294999353e+04 1.67191501297475e+04 -3.45107815686606e+00 1.81640996409122e+00 
15 8.83354900910454e+03 1.82756706114951e+04 1.68464380747201e+04 -3.46480072529516e+00 1.79069375928899e+00 
15 8.59016369184755e+03 1.82708733038349e+04 1.69710826263283e+04 -3.47806761044347e+00 1.76494415118380e+00 
15 8.34745978650884e+03 1.82641752811323e+04 1.70931184030323e+04 -3.49088564611499e+00 1.73916504814159e+00 
15 8.10545485331033e+03 1.82556134201904e+04 1.72125795391635e+04 -3.50326154972143e+00 1.71336022243476e+00 
15 7.86416556777897e+03 1.82452237876460e+04 1.73294996862512e+04 -3.51520192367796e+00 1.68753331464512e+00 
15 7.62360775491257e+03 1.82330416568949e+04 1.74439120147115e+04 -3.52671325681892e+00 1.66168783792591e+00 
15 7.38379642209314e+03 1.82191015247307e+04 1.75558492158690e+04 -3.53780192583039e+00 1.63582718212746e+00 
15 7.14474579079299e+03 1.82034371276964e+04 1.76653435042862e+04 -3.54847419669655e+00 1.60995461779063e+00 
15 6.90646932711967e+03 1.81860814581489e+04 1.77724266203744e+04 -3.55873622615703e+00 1.58407330001265e+00 
15 6.66897977124099e+03 1.81670667800345e+04 1.78771298332650e+04 -3.56859406317285e+00 1.55818627218902e+00 
15 6.43228916573422e+03 1.81464246443772e+04 1.79794839439156e+04 -3.57805365039831e+00 1.53229646963589e+00 
15 6.19640888289597e+03 1.81241859044799e+04 1.80795192884348e+04 -3.58712082565692e+00 1.50640672309645e+00 
15 5.96134965105508e+03 1.81003807308393e+04 1.81772657416032e+04 -3.59580132341907e+00 1.48051976213534e+00 
15 5.72712157992233e+03 1.80750386257773e+04 1.82727527205737e+04 -3.60410077627970e+00 1.45463821842449e+00 
15 5.49373418501494e+03 1.80481884377890e+04 1.83660091887345e+04 -3.61202471643426e+00 1.42876462892412e+00 
15 5.26119641118814e+03 1.80198583756110e+04 1.84570636597185e+04 -3.61957857715124e+00 1.40290143896201e+00 
15 5.02951665530981e+03 1.79900760220114e+04 1.85459442015439e+04 -3.62676769423989e+00 1.37705100521483e+00 
15 4.79870278810651e+03 1.79588683473047e+04 1.86326784408735e+04 -3.63359730751176e+00 1.35121559859414e+00 
15 4.56876217521459e+03 1.79262617225949e+04 1.87172935673777e+04 -3.64007256223480e+00 1.32539740704065e+00 
15 4.33970169746446e+03 1.78922819327484e+04 1.87998163381906e+04 -3.64619851057885e+00 1.29959853822940e+00 
15 4.11152777042661e+03 1.78569541891015e+04 1.88802730824475e+04 -3.65198011305165e+00 1.27382102218905e+00 
15 3.88424636324647e+03 1.78203031419056e+04 1.89586897058923e+04 -3.65742223992412e+00 1.24806681383775e+00 
15 3.65786301679595e+03 1.77823528925128e+04 1.90350916955463e+04 -3.66252967264438e+00 1.22233779543865e+00 
15 3.43238286116480e+03 1.77431270053059e+04 1.91095041244273e+04 -3.66730710523951e+00 1.19663577897747e+00 
15 3.20781063251825e+03 1.77026485193778e+04 1.91819516563125e+04 -3.67175914570435e+00 1.17096250846477e+00 
15 2.98415068934263e+03 1.76609399599623e+04 1.92524585505353e+04 -3.67589031737691e+00 1.14531966216522e+00 
15 2.76140702810411e+03 1.76180233496204e+04 1.93210486668087e+04 -3.67970506029947e+00 1.11970885475666e+00 
15 2.53958329833867e+03 1.75739202191883e+04 1.93877454700704e+04 -3.68320773256526e+00 1.09413163942061e+00 
15 2.31868281719812e+03 1.75286516184873e+04 1.94525720353393e+04 -3.68640261164988e+00 1.06858950986716e+00 
15 2.09870858346989e+03 1.74822381268037e+04 1.95155510525815e+04 -3.68929389572738e+00 1.04308390229590e+00 
15 1.87966329109135e+03 1.74346998631390e+04 1.95767048315760e+04 -3.69188570497037e+00 1.01761619729520e+00 
15 1.66154934217551e+03 1.73860564962377e+04 1.96360553067790e+04 -3.69418208283416e+00 9.92187721681782e-01 
15 1.44436885956933e+03 1.73363272543941e+04 1.96936240421787e+04 -3.69618699732428e+00 9.66799750282616e-01 
15 1.22812369895817e+03 1.72855309350442e+04 1.97494322361378e+04 -3.69790434224760e+00 9.41453507660902e-01 
15 1.01281546053661e+03 1.72336859141451e+04 1.98035007262188e+04 -3.69933793844644e+00 9.16150169788160e-01 
15 7.98445500258922e+02 1.71808101553476e+04 1.98558499939888e+04 -3.70049153501580e+00 8.90890865663955e-01 
15 5.85014940686737e+02 1.71269212189645e+04 1.99065001698002e+04 -3.70136881050350e+00 8.65676678885217e-01 
15 3.72524681446857e+02 1.70720362707394e+04 1.99554710375434e+04 -3.70197337409313e+00 8.40508649166537e-01 
15 1.60975409316065e+02 1.70161720904200e+04 2.00027820393689e+04 -3.70230876676966e+00 8.15387773813367e-01 
15 -4.96323920558480e+01 1.69593450801397e+04 2.00484522803769e+04 -3.70237846246795e+00 7.90315009149355e-01 
15 -2.59298432769570e+02 1.69015712726108e+04 2.00925005332701e+04 -3.70218586920372e+00 7.65291271899540e-01 
15 -4.68022607635017e+02 1.68428663391347e+04 2.01349452429690e+04 -3.70173433018745e+00 7.40317440530670e-01 
15 -6.75804987451347e+02 1.67832455974307e+04 2.01758045311867e+04 -3.70102712492080e+00 7.15394356550249e-01 
15 -8.82645810597798e+02 1.67227240192899e+04 2.02150962009618e+04 -3.70006747027596e+00 6.90522825765476e-01 
15 -1.08854547492318e+03 1.66613162380547e+04 2.02528377411469e+04 -3.69885852155773e+00 6.65703619503497e-01 
15 -1.29350452992300e+03 1.65990365559310e+04 2.02890463308525e+04 -3.69740337354854e+00 6.40937475794207e-01 
15 -1.49752366919414e+03 1.65358989511339e+04 2.03237388438434e+04 -3.69570506153649e+00 6.16225100516798e-01 
15 -1.70060372315589e+03 1.64719170848721e+04 2.03569318528872e+04 -3.69376656232644e+00 5.91567168511308e-01 
15 -1.90274565202846e+03 1.64071043081738e+04 2.03886416340535e+04 -3.69159079523434e+00 5.66964324656264e-01 
15 -2.10395053905879e+03 1.63414736685580e+04 2.04188841709633e+04 -3.68918062306494e+00 5.42417184913533e-01 
15 -2.30421958398531e+03 1.62750379165543e+04 2.04476751589868e+04 -3.68653885307290e+00 5.17926337341433e-01 
15 -2.50355409673168e+03 1.62078095120748e+04 2.04750300093897e+04 -3.68366823790761e+00 4.93492343077222e-01 
15 -2.70195549132224e+03 1.61398006306409e+04 2.05009638534269e+04 -3.68057147654174e+00 4.69115737289865e-01 
15 -2.89942528000981e+03 1.60710231694691e+04 2.05254915463832e+04 -3.67725121518371e+00 4.44797030104162e-01 
15 -3.09596506760944e+03 1.60014887534178e+04 2.05486276715604e+04 -3.67371004817432e+00 4.20536707497018e-01 
15 -3.29157654602838e+03 1.59312087407999e+04 2.05703865442109e+04 -3.66995051886765e+00 3.96335232167013e-01 
15 -3.48626148898775e+03 1.58601942290624e+04 2.05907822154164e+04 -3.66597512049637e+00 3.72193044377808e-01 
15 -3.68002174692635e+03 1.57884560603369e+04 2.06098284759131e+04 -3.66178629702176e+00 3.48110562776559e-01 
15 -3.87285924208043e+03 1.57160048268650e+04 2.06275388598619e+04 -3.65738644396852e+00 3.24088185188068e-01 
15 -4.06477596373449e+03 1.56428508762989e+04 2.06439266485637e+04 -3.65277790924459e+00 3.00126289385276e-01 
15 -4.25577396363437e+03 1.55690043168829e+04 2.06590048741206e+04 -3.64796299394624e+00 2.76225233837184e-01 
15 -4.44585535155836e+03 1.54944750225164e+04 2.06727863230423e+04 -3.64294395314853e+00 2.52385358434683e-01 
15 -4.63502229103951e+03 1.54192726377026e+04 2.06852835397978e+04 -3.63772299668135e+00 2.28606985195177e-01 
15 -4.82327699523345e+03 1.53434065823847e+04 2.06965088303128e+04 -3.63230228989137e+00 2.04890418946674e-01 
15 -5.01062172292791e+03 1.52668860566722e+04 2.07064742654127e+04 -3.62668395438987e+00 1.81235947991833e-01 
15 -5.19705877468508e+03 1.51897200454611e+04 2.07151916842121e+04 -3.62087006878693e+00 1.57643844753043e-01 
15 -5.38259048911612e+03 1.51119173229484e+04 2.07226726974497e+04 -3.61486266941193e+00 1.34114366398662e-01 
15 -5.56721923927972e+03 1.50334864570454e+04 2.07289286907705e+04 -3.60866375102071e+00 1.10647755451391e-01 
15 -5.75094742920115e+03 1.49544358136911e+04 2.07339708279542e+04 -3.60227526748955e+00 8.72442403792528e-02 
15 -5.93377749050707e+03 1.48747735610683e+04 2.07378100540911e+04 -3.59569913249624e+00 6.39040361697727e-02 
15 -6.11571187917238e+03 1.47945076737249e+04 2.07404570987057e+04 -3.58893722018828e+00 4.06273448878232e-02 
15 -6.29675307237336e+03 1.47136459366018e+04 2.07419224788276e+04 -3.58199136583863e+00 1.74143562178695e-02 
15 -6.47690356544455e+03 1.46321959489717e+04 2.07422165020116e+04 -3.57486336648900e+00 -5.73475200906182e-03 
15 -6.65616586893433e+03 1.45501651282879e+04 2.07413492693058e+04 -3.56755498158110e+00 -2.88198133030284e-02 
15 -6.83454250575629e+03 1.44675607139484e+04 2.07393306781697e+04 -3.56006793357583e+00 -5.18406720170901e-02 
15 -7.01203600843175e+03 1.43843897709746e+04 2.07361704253411e+04 -3.55240390856078e+00 -7.47971828628695e-02 
15 -7.18864891642071e+03 1.43006591936090e+04 2.07318780096546e+04 -3.54456455684615e+00 -9.76892104394158e-02 
15 -7.36438377353696e+03 1.42163757088319e+04 2.07264627348091e+04 -3.53655149354932e+00 -1.20516628774819e-01 
15 -7.53924312544540e+03 1.41315458798004e+04 2.07199337120880e+04 -3.52836629916826e+00 -1.43279320880313e-01 
15 -7.71322951723601e+03 1.40461761092111e+04 2.07122998630306e+04 -3.52001052014398e+00 -1.65977178316140e-01 
15 -7.88634549107458e+03 1.39602726425882e+04 2.07035699220554e+04 -3.51148566941218e+00 -1.88610100769207e-01 
15 -8.05859358392402e+03 1.38738415714990e+04 2.06937524390371e+04 -3.50279322694433e+00 -2.11177995641683e-01 
15 -8.22997632533560e+03 1.37868888366989e+04 2.06828557818361e+04 -3.49393464027838e+00 -2.33680777650495e-01 
15 -8.40049623530608e+03 1.36994202312066e+04 2.06708881387829e+04 -3.48491132503919e+00 -2.56118368437147e-01 
15 -8.57015582219914e+03 1.36114414033127e+04 2.06578575211158e+04 -3.47572466544901e+00 -2.78490696187683e-01 
15 -8.73895758072665e+03 1.35229578595222e+04 2.06437717653749e+04 -3.46637601482809e+00 -3.00797695262169e-01 
15 -8.90690398998977e+03 1.34339749674330e+04 2.06286385357510e+04 -3.45686669608564e+00 -3.23039305833708e-01 
15 -9.07399751157530e+03 1.33444979585512e+04 2.06124653263908e+04 -3.44719800220126e+00 -3.45215473536377e-01 
15 -9.24024058770555e+03 1.32545319310469e+04 2.05952594636589e+04 -3.43737119669713e+00 -3.67326149121834e-01 
15 -9.40563563944067e+03 1.31640818524492e+04 2.05770281083576e+04 -3.42738751410104e+00 -3.89371288124463e-01 
15 -9.57018506492867e+03 1.30731525622838e+04 2.05577782579038e+04 -3.41724816040046e+00 -4.11350850534410e-01 
15 -9.73389123770391e+03 1.29817487746541e+04 2.05375167484649e+04 -3.40695431348783e+00 -4.33264800478610e-01 
15 -9.89675650502945e+03 1.28898750807673e+04 2.05162502570540e+04 -3.39650712359723e+00 -4.55113105909170e-01 
15 -1.00587831862835e+04 1.27975359514065e+04 2.04939853035841e+04 -3.38590771373257e+00 -4.76895738299159e-01 
15 -1.02199735713855e+04 1.27047357393508e+04 2.04707282528829e+04 -3.37515718008755e+00 -4.98612672345157e-01 
15 -1.03803299192625e+04 1.26114786817445e+04 2.04464853166685e+04 -3.36425659245740e+00 -5.20263885676708e-01 
15 -1.05398544563525e+04 1.25177689024160e+04 2.04212625554859e+04 -3.35320699464276e+00 -5.41849358572145e-01 
15 -1.06985493751429e+04 1.24236104141496e+04 2.03950658806062e+04 -3.34200940484566e+00 -5.63369073680592e-01 
15 -1.08564168327434e+04 1.23290071209082e+04 2.03679010558873e+04 -3.33066481605787e+00 -5.84823015750009e-01 
15 -1.10134589494908e+04 1.22339628200123e+04 2.03397736995985e+04 -3.31917419644178e+00 -6.06211171360936e-01 
15 -1.11696778075843e+04 1.21384812042724e+04 2.03106892862080e+04 -3.30753848970387e+00 -6.27533528665737e-01 
15 -1.13250754497498e+04 1.20425658640791e+04 2.02806531481351e+04 -3.29575861546100e+00 -6.48790077133188e-01 
15 -1.14796538779312e+04 1.19462202894504e+04 2.02496704774664e+04 -3.28383546959967e+00 -6.69980807298008e-01 
15 -1.16334150520093e+04 1.18494478720373e+04 2.02177463276378e+04 -3.27176992462833e+00 -6.91105710515479e-01 
15 -1.17863608885425e+04 1.17522519070901e+04 2.01848856150818e+04 -3.25956283002294e+00 -7.12164778720454e-01 
15 -1.19384932595335e+04 1.16546355953852e+04 2.01510931208412e+04 -3.24721501256588e+00 -7.33158004191059e-01 
15 -1.20898139912158e+04 1.15566020451133e+04 2.01163734921499e+04 -3.23472727667837e+00 -7.54085379316545e-01 
15 -1.22403248628614e+04 1.14581542737320e+04 2.00807312439804e+04 -3.22210040474660e+00 -7.74946896369199e-01 
15 -1.23900276056077e+04 1.13592952097812e+04 2.00441707605597e+04 -3.20933515744159e+00 -7.95742547280208e-01 
15 -1.25389239013023e+04 1.12600276946642e+04 2.00066962968528e+04 -3.19643227403290e+00 -8.16472323419252e-01 
15 -1.26870153813639e+04 1.11603544843945e+04 1.99683119800164e+04 -3.18339247269653e+00 -8.37136215377512e-01 
15 -1.28343036256601e+04 1.10602782513098e+04 1.99290218108200e+04 -3.17021645081687e+00 -8.57734212754228e-01 
15 -1.29807901613978e+04 1.09598015857542e+04 1.98888296650390e+04 -3.15690488528308e+00 -8.78266303946247e-01 
15 -1.31264764620281e+04 1.08589269977283e+04 1.98477392948160e+04 -3.14345843277975e+00 -8.98732475940770e-01 
15 -1.32713639461630e+04 1.07576569185108e+04 1.98057543299949e+04 -3.12987773007225e+00 -9.19132714110874e-01 
15 -1.34154539765029e+04 1.06559937022487e+04 1.97628782794247e+04 -3.11616339428668e+00 -9.39467002013802e-01 
15 -1.35587478587743e+04 1.05539396275206e+04 1.97191145322362e+04 -3.10231602318466e+00 -9.59735321191765e-01 
15 -1.37012468406764e+04 1.04514968988723e+04 1.96744663590902e+04 -3.08833619543305e+00 -9.79937650975198e-01 
15 -1.38429521108356e+04 1.03486676483245e+04 1.96289369133988e+04 -3.07422447086865e+00 -1.00007396828823e+00 
15 -1.39838647977674e+04 1.02454539368563e+04 1.95825292325201e+04 -3.05998139075813e+00 -1.02014424745631e+00 
15 -1.41239859688432e+04 1.01418577558625e+04 1.95352462389260e+04 -3.04560747805321e+00 -1.04014846001579e+00 
15 -1.42633166292639e+04 1.00378810285865e+04 1.94870907413442e+04 -3.03110323764122e+00 -1.06008657452535e+00 
15 -1.44018577210360e+04 9.93352561153129e+03 1.94380654358756e+04 -3.01646915659114e+00 -1.07995855637912e+00 
15 -1.45396101219518e+04 9.82879329584574e+03 1.93881729070852e+04 -3.00170570439534e+00 -1.09976436762132e+00 
15 -1.46765746445717e+04 9.72368580869070e+03 1.93374156290698e+04 -2.98681333320694e+00 -1.11950396676242e+00 
15 -1.48127520352082e+04 9.61820481458291e+03 1.92857959665008e+04 -2.97179247807308e+00 -1.13917730859654e+00 
15 -1.49481429729101e+04 9.51235191671929e+03 1.92333161756437e+04 -2.95664355716412e+00 -1.15878434402002e+00 
15 -1.50827480684467e+04 9.40612865828126e+03 1.91799784053540e+04 -2.94136697199890e+00 -1.17832501985105e+00 
15 -1.52165678632910e+04 9.29953652372036e+03 1.91257846980509e+04 -2.92596310766613e+00 -1.19779927865023e+00 
15 -1.53496028286008e+04 9.19257694002542e+03 1.90707369906673e+04 -2.91043233304206e+00 -1.21720705854192e+00 
15 -1.54818533641974e+04 9.08525127797294e+03 1.90148371155795e+04 -2.89477500100461e+00 -1.23654829303628e+00 
15 -1.56133197975402e+04 8.97756085336023e+03 1.89580868015141e+04 -2.87899144864378e+00 -1.25582291085183e+00 
15 -1.57440023826978e+04 8.86950692822296e+03 1.89004876744343e+04 -2.86308199746892e+00 -1.27503083573849e+00 
15 -1.58739012993134e+04 8.76109071203700e+03 1.88420412584050e+04 -2.84704695361238e+00 -1.29417198630099e+00 
15 -1.60030166515646e+04 8.65231336290641e+03 1.87827489764381e+04 -2.83088660803025e+00 -1.31324627582231e+00 
15 -1.61313484671166e+04 8.54317598873643e+03 1.87226121513175e+04 -2.81460123669970e+00 -1.33225361208749e+00 
15 -1.62588966960679e+04 8.43367964839465e+03 1.86616320064047e+04 -2.79819110081360e+00 -1.35119389720712e+00 
15 -1.63856612098879e+04 8.32382535285863e+03 1.85998096664256e+04 -2.78165644697202e+00 -1.37006702744095e+00 
15 -1.65116418003461e+04 8.21361406635173e+03 1.85371461582375e+04 -2.76499750737101e+00 -1.38887289302111e+00 
15 -1.66368381784308e+04 8.10304670746864e+03 1.84736424115792e+04 -2.74821449998869e+00 -1.40761137797504e+00 
15 -1.67612499732584e+04 7.99212415028911e+03 1.84092992598022e+04 -2.73130762876870e+00 -1.42628235994793e+00 
15 -1.68848767309706e+04 7.88084722548344e+03 1.83441174405847e+04 -2.71427708380121e+00 -1.44488571002455e+00 
15 -1.70077179136213e+04 7.76921672140694e+03 1.82780975966285e+04 -2.69712304150143e+00 -1.46342129255056e+00 
15 -1.71297728980494e+04 7.65723338518759e+03 1.82112402763389e+04 -2.67984566478592e+00 -1.48188896495281e+00 
15 -1.72510409747391e+04 7.54489792380494e+03 1.81435459344888e+04 -2.66244510324668e+00 -1.50028857755884e+00 
15 -1.73715213466667e+04 7.43221100516186e+03 1.80750149328662e+04 -2.64492149332304e+00 -1.51861997341550e+00 
15 -1.74912131281319e+04 7.31917325915013e+03 1.80056475409065e+04 -2.62727495847171e+00 -1.53688298810622e+00 
15 -1.76101153435736e+04 7.20578527871023e+03 1.79354439363099e+04 -2.60950560933487e+00 -1.55507744956719e+00 
15 -1.77282269263710e+04 7.09204762088519e+03 1.78644042056436e+04 -2.59161354390635e+00 -1.57320317790229e+00 
15 -1.78455467176261e+04 6.97796080787087e+03 1.77925283449294e+04 -2.57359884769634e+00 -1.59125998519640e+00 
15 -1.79620734649297e+04 6.86352532806168e+03 1.77198162602186e+04 -2.55546159389427e+00 -1.60924767532734e+00 
15 -1.80778058211090e+04 6.74874163709379e+03 1.76462677681520e+04 -2.53720184353045e+00 -1.62716604377601e+00 
15 -1.81927423429560e+04 6.63361015888480e+03 1.75718825965069e+04 -2.51881964563605e+00 -1.64501487743494e+00 
15 -1.83068814899360e+04 6.51813128667287e+03 1.74966603847328e+04 -2.50031503740206e+00 -1.66279395441479e+00 
15 -1.84202216228764e+04 6.40230538405339e+03 1.74206006844728e+04 -2.48168804433689e+00 -1.68050304384905e+00 
15 -1.85327610026336e+04 6.28613278601619e+03 1.73437029600742e+04 -2.46293868042300e+00 -1.69814190569652e+00 
15 -1.86444977887381e+04 6.16961379998225e+03 1.72659665890877e+04 -2.44406694827251e+00 -1.71571029054172e+00 
15 -1.87554300380172e+04 6.05274870684197e+03 1.71873908627551e+04 -2.42507283928202e+00 -1.73320793939284e+00 
15 -1.88655557031944e+04 5.93553776199421e+03 1.71079749864864e+04 -2.40595633378661e+00 -1.75063458347748e+00 
15 -1.89748726314638e+04 5.81798119638858e+03 1.70277180803272e+04 -2.38671740121326e+00 -1.76798994403565e+00 
15 -1.90833785630410e+04 5.70007921756965e+03 1.69466191794150e+04 -2.36735600023369e+00 -1.78527373211037e+00 
15 -1.91910711296868e+04 5.58183201072637e+03 1.68646772344284e+04 -2.34787207891693e+00 -1.80248564833523e+00 
15 -1.92979478532061e+04 5.46323973974407e+03 1.67818911120251e+04 -2.32826557488135e+00 -1.81962538271941e+00 
15 -1.94040061439174e+04 5.34430254826381e+03 1.66982595952732e+04 -2.30853641544678e+00 -1.83669261442940e+00 
15 -1.95092432990969e+04 5.22502056074556e+03 1.66137813840730e+04 -2.28868451778637e+00 -1.85368701156795e+00 
15 -1.96136565013919e+04 5.10539388353994e+03 1.65284550955734e+04 -2.26870978907861e+00 -1.87060823094950e+00 
15 -1.97172428172049e+04 4.98542260596613e+03 1.64422792645789e+04 -2.24861212665951e+00 -1.88745591787248e+00 
15 -1.98199991950482e+04 4.86510680139887e+03 1.63552523439520e+04 -2.22839141817508e+00 -1.90422970588809e+00 
15 -1.99219224638663e+04 4.74444652836397e+03 1.62673727050085e+04 -2.20804754173423e+00 -1.92092921656552e+00 
15 -2.00230093313266e+04 4.62344183164432e+03 1.61786386379078e+04 -2.18758036606229e+00 -1.93755405925343e+00 
15 -2.01232563820776e+04 4.50209274339566e+03 1.60890483520379e+04 -2.16698975065511e+00 -1.95410383083772e+00 
15 -2.02226600759722e+04 4.38039928427517e+03 1.59985999763965e+04 -2.14627554593414e+00 -1.97057811549517e+00 
15 -2.03212167462581e+04 4.25836146458095e+03 1.59072915599673e+04 -2.12543759340228e+00 -1.98697648444323e+00 
15 -2.04189225977309e+04 4.13597928540637e+03 1.58151210720937e+04 -2.10447572580108e+00 -2.00329849568538e+00 
15 -2.05157737048523e+04 4.01325273980690e+03 1.57220864028496e+04 -2.08338976726891e+00 -2.01954369375237e+00 
15 -2.06117660098303e+04 3.89018181398346e+03 1.56281853634078e+04 -2.06217953350074e+00 -2.03571160943880e+00 


END Ephemeris