stk.v.4.3 
BEGIN	Attitude
NumberOfAttitudePoints 240
AttitudeTimeAzElAngles
155130.00  115.05   26.18
155190.00  335.77   49.78
155250.00  213.76    1.75
155310.00   42.37   24.12
155370.00  229.55   11.23
155430.00  280.18   42.51
155490.00  320.72  -10.30
155550.00  210.19   23.62
155610.00   35.31  -29.06
155670.00   18.76   -5.56
155730.00  284.07   39.82
155790.00  216.74   66.14
155850.00  160.50   -6.35
155910.00  209.78  -41.75
155970.00   66.21   59.96
156030.00   62.84   13.37
156090.00  218.04   68.81
156150.00  315.09   28.60
156210.00   67.59  -50.87
156270.00  217.20   54.94
156330.00   70.83   35.88
156390.00   18.96  -16.54
156450.00   22.77   34.11
156510.00   41.23    7.93
156570.00   41.19    5.79
156630.00  329.89   80.88
156690.00  155.63   18.60
156750.00  258.47  -46.14
156810.00  358.40   20.87
156870.00  182.54    1.47
156930.00  205.05    2.46
156990.00  114.82   26.53
157050.00  334.76   50.67
157110.00  213.25    2.00
157170.00   42.59   24.66
157230.00  229.82   10.48
157290.00  279.29   42.81
157350.00  320.35  -10.24
157410.00  208.30    2.65
157470.00   35.05  -29.06
157530.00   18.82   -5.34
157590.00  284.07   37.45
157650.00  219.74   59.29
157710.00  160.30   -5.91
157770.00  210.02  -42.11
157830.00   65.69   60.72
157890.00   62.22   13.04
157950.00  226.48   42.50
158010.00  314.62   29.11
158070.00   68.11  -50.65
158130.00  217.00   54.54
158190.00   70.85   36.94
158250.00   18.81  -16.49
158310.00   22.52   33.82
158370.00   39.90    7.34
158430.00   45.02   23.88
158490.00  327.65   81.24
158550.00   37.42    6.41
158610.00  257.64  -46.09
158670.00  358.35   20.60
158730.00  182.27    1.07
158790.00  204.74    2.67
158850.00  114.58   26.87
158910.00  333.72   51.55
158970.00  212.74    2.23
159030.00   42.80   25.22
159090.00  230.10    9.72
159150.00  278.39   43.11
159210.00  319.98  -10.18
159270.00  207.85  -17.41
159330.00   34.79  -29.06
159390.00   18.88   -5.11
159450.00  284.11   35.11
159510.00  221.79   52.87
159570.00  160.10   -5.47
159630.00  210.27  -42.47
159690.00   65.14   61.46
159750.00   61.60   12.71
159810.00  230.48   21.91
159870.00  314.15   29.61
159930.00   68.63  -50.43
159990.00  216.80   54.13
160050.00   70.85   37.97
160110.00   18.66  -16.43
160170.00   22.27   33.52
160230.00   38.64    6.77
160290.00   49.45   47.08
160350.00  325.20   81.58
160410.00  318.47  -14.03
160470.00  256.81  -46.03
160530.00  358.29   20.33
160590.00  181.99    0.67
160650.00  204.44    2.88
160710.00  114.33   27.20
160770.00  332.66   52.40
160830.00  212.23    2.47
160890.00   43.02   25.78
160950.00  230.38    8.95
161010.00  277.48   43.40
161070.00  319.61  -10.11
161130.00  208.71  -39.48
161190.00   34.54  -29.06
161250.00   18.93   -4.88
161310.00  284.17   32.78
161370.00  223.37   46.92
161430.00  159.90   -5.03
161490.00  210.51  -42.83
161550.00   64.54   62.17
161610.00   60.99   12.38
161670.00  233.98    5.38
161730.00  313.69   30.10
161790.00   69.15  -50.21
161850.00  216.61   53.72
161910.00   70.84   38.98
161970.00   18.51  -16.37
162030.00   22.02   33.23
162090.00   37.42    6.22
162150.00   67.20   79.96
162210.00  322.50   81.90
162270.00  204.09    2.79
162330.00  255.97  -45.97
162390.00  358.24   20.07
162450.00  181.72    0.26
162510.00  204.13    3.09
162570.00  114.08   27.54
162630.00  331.57   53.24
162690.00  211.73    2.70
162750.00   43.24   26.36
162810.00  230.67    8.18
162870.00  276.55   43.67
162930.00  319.24  -10.05
162990.00  213.28  -64.60
163050.00   34.29  -29.06
163110.00   18.99   -4.66
163170.00  284.25   30.49
163230.00  224.68   41.42
163290.00  159.69   -4.60
163350.00  210.76  -43.20
163410.00   63.91   62.87
163470.00   60.38   12.05
163530.00  237.83   -9.03
163590.00  313.23   30.59
163650.00   69.66  -49.99
163710.00  216.43   53.31
163770.00   70.81   39.96
163830.00   18.36  -16.31
163890.00   21.76   32.93
163950.00   36.24    5.69
164010.00  225.47   57.31
164070.00  319.53   82.21
164130.00   32.04    4.21
164190.00  255.13  -45.89
164250.00  358.19   19.80
164310.00  181.45   -0.16
164370.00  203.83    3.30
164430.00  113.82   27.87
164490.00  330.45   54.06
164550.00  211.23    2.93
164610.00   43.47   26.95
164670.00  230.97    7.40
164730.00  275.61   43.94
164790.00  318.87   -9.98
164850.00  308.89  -85.51
164910.00   34.04  -29.06
164970.00   19.05   -4.43
165030.00  284.35   28.23
165090.00  225.81   36.34
165150.00  159.48   -4.16
165210.00  211.02  -43.56
165270.00   63.23   63.54
165330.00   59.78   11.72
165390.00  242.71  -22.63
165450.00  312.77   31.08
165510.00   70.17  -49.76
165570.00  216.26   52.90
165630.00   70.77   40.92
165690.00   18.21  -16.25
165750.00   21.51   32.63
165810.00   35.10    5.18
165870.00  232.71   19.76
165930.00  316.29   82.49
165990.00  230.26   -5.70
166050.00  254.28  -45.81
166110.00  358.13   19.53
166170.00  181.18   -0.58
166230.00  203.52    3.51
166290.00  113.56   28.20
166350.00  329.30   54.86
166410.00  210.73    3.16
166470.00   43.70   27.55
166530.00  231.26    6.61
166590.00  274.66   44.19
166650.00  318.50   -9.90
166710.00   13.04  -65.41
166770.00   33.80  -29.06
166830.00   19.11   -4.19
166890.00  284.46   25.99
166950.00  226.84   31.63
167010.00  159.27   -3.72
167070.00  211.27  -43.93
167130.00   62.50   64.18
167190.00   59.18   11.39
167250.00  249.69  -36.11
167310.00  312.32   31.57
167370.00   70.69  -49.53
167430.00  216.09   52.48
167490.00   70.71   41.85
167550.00   18.07  -16.19
167610.00   21.26   32.33
167670.00   34.00    4.68
167730.00  240.18  -12.22
167790.00  312.76   82.75
167850.00   23.32    1.14
167910.00  253.43  -45.71
167970.00  358.07   19.27
168030.00  180.92   -1.00
168090.00  203.22    3.72
168150.00  113.29   28.52
168210.00  328.12   55.64
168270.00  210.23    3.38
168330.00   43.93   28.16
168390.00  231.57    5.82
168450.00  273.69   44.44
168510.00  318.13   -9.83
168570.00   17.15  -47.48
168630.00   33.55  -29.05
168690.00   19.18   -3.96
168750.00  284.59   23.79
168810.00  227.79   27.26
168870.00  159.05   -3.29
168930.00  211.53  -44.29
168990.00   61.74   64.81
169050.00   58.59   11.06
169110.00  261.09  -49.37
169170.00  311.86   32.05
169230.00   71.20  -49.30
169290.00  215.93   52.05
169350.00   70.64   42.76
169410.00   17.93  -16.12
169470.00   21.00   32.02
END Attitude