
 UTC	 AZ (Deg) EL Deg AZ-Vel (deg/sec) El-Vel (deg/sec) Range (km) Doppler KHz Level dBm
2021-012-20:10:00 183.24 10.60 -0.00  0.01  24353   4.103 -92 
2021-012-20:15:00 182.99 12.73 -0.00  0.01  24122   4.088 -92 
2021-012-20:20:00 182.77 14.90 -0.00  0.01  23892   4.064 -92 
2021-012-20:25:00 182.56 17.10 -0.00  0.01  23664   4.030 -92 
2021-012-20:30:00 182.36 19.33 -0.00  0.01  23438   3.987 -92 
2021-012-20:35:00 182.18 21.59 -0.00  0.01  23215   3.934 -92 
2021-012-20:40:00 182.01 23.88 -0.00  0.01  22995   3.871 -92 
2021-012-20:45:00 181.84 26.20 -0.00  0.01  22778   3.799 -92 
2021-012-20:50:00 181.67 28.55 -0.00  0.01  22566   3.716 -92 
2021-012-20:55:00 181.50 30.92 -0.00  0.01  22359   3.625 -92 
2021-012-21:00:00 181.31 33.32 -0.00  0.01  22158   3.523 -93 
2021-012-21:05:00 181.11 35.74 -0.00  0.01  21962   3.413 -93 
2021-012-21:10:00 180.89 38.18 -0.00  0.01  21773   3.293 -93 
2021-012-21:15:00 180.62 40.64 -0.00  0.01  21591   3.165 -93 
2021-012-21:20:00 180.32 43.12 -0.00  0.01  21416   3.028 -93 
2021-012-21:25:00 179.96 45.62 -0.00  0.01  21249   2.882 -93 
2021-012-21:30:00 179.52 48.13 -0.00  0.01  21091   2.729 -93 
2021-012-21:35:00 178.99 50.65 -0.00  0.01  20941   2.568 -93 
2021-012-21:40:00 178.34 53.17 -0.00  0.01  20801   2.401 -93 
2021-012-21:45:00 177.53 55.69 -0.00  0.01  20670   2.227 -93 
2021-012-21:50:00 176.54 58.21 -0.00  0.01  20550   2.047 -93 
2021-012-21:55:00 175.30 60.71 -0.00  0.01  20439   1.862 -93 
