# ARO Control file - Authors Michael and Abdul. Satellite :GPS BIIR-8  (PRN 16)    
2021.012.19:30:00  197 06 05.0  0.238224  76 15  56.9 -0.098517
2021.012.19:31:00  196 49 49.1  0.247283  76 46  39.0 -0.100369
2021.012.19:32:00  196 29 24.3  0.256635  77 16  17.3 -0.102232
2021.012.19:33:00  196 08 34.2  0.266255  77 47  51.3 -0.104107
2021.012.19:34:00  195 43 00.1  0.276103  78 17  20.4 -0.105992
2021.012.19:35:00  195 15 19.9  0.286116  78 48  43.9 -0.107886
2021.012.19:36:00  194 44 07.6  0.296201  79 18  01.2 -0.109788
2021.012.19:37:00  194 09 52.1  0.306224  79 48  11.4 -0.111699
2021.012.19:38:00  193 29 56.6  0.315992  80 18  13.5 -0.113617
2021.012.19:39:00  192 44 36.7  0.325227  80 48  06.3 -0.115541
2021.012.19:40:00  191 52 58.4  0.333535  81 18  48.2 -0.117470
2021.012.19:41:00  190 53 56.1  0.340355  81 47  17.5 -0.119405
2021.012.19:42:00  189 45 09.0  0.344884  82 17  31.9 -0.121343
2021.012.19:43:00  188 27 56.6  0.345973  82 45  28.6 -0.123284
2021.012.19:44:00  186 56 13.6  0.341967  83 14  04.2 -0.125227
2021.012.19:45:00  185 10 22.0  0.330470  83 42  14.0 -0.127171
2021.012.19:46:00  183 06 02.0  0.308007  84 10  52.1 -0.129115
2021.012.19:47:00  180 39 58.9  0.269522  84 37  50.9 -0.131059
2021.012.19:48:00  177 44 49.2  0.207693  85 03  59.9 -0.133001
2021.012.19:49:00  174 14 44.9  0.112068  85 28  05.3 -0.134941
2021.012.19:50:00  170 00 22.4 -0.031781  85 52  48.4 -0.136877
2021.012.19:51:00  164 54 49.5 -0.242371  86 14  44.0 -0.138809
2021.012.19:52:00  158 44 38.3 -0.539899  86 33  18.4 -0.140736
2021.012.19:53:00  151 21 10.8 -0.937993  86 50  48.9 -0.142656
2021.012.19:54:00  142 44 22.1 -1.426727  87 02  25.1 -0.144570
2021.012.19:55:00  133 04 00.8 -1.952635  87 10  15.6 -0.146474
2021.012.19:56:00  122 48 40.5 -2.419333  87 13  41.3 -0.148370
2021.012.19:57:00  112 35 57.8 -2.730626  87 09  29.3 -0.150256
2021.012.19:58:00  103 04 12.6 -2.847431  87 01  59.0 -0.152131
2021.012.19:59:00  094 40 07.5 -2.799237  86 48  53.4 -0.153994
