
 UTC	 AZ (Deg) EL Deg AZ-Vel (deg/sec) El-Vel (deg/sec) Range (km) Doppler KHz Level dBm
2021-012-20:07:00 183.40  9.33 -0.02  0.06  24492 -167.279 -184 
2021-012-20:08:00 183.35  9.75 -0.02  0.06  24446 -165.282 -184 
2021-012-20:09:00 183.29 10.17 -0.02  0.06  24400 -163.231 -184 
2021-012-20:10:00 183.24 10.60 -0.02  0.05  24353 -161.129 -184 
2021-012-20:11:00 183.19 11.02 -0.02  0.05  24307 -158.973 -184 
2021-012-20:12:00 183.14 11.45 -0.02  0.05  24261 -156.766 -184 
2021-012-20:13:00 183.09 11.87 -0.02  0.05  24215 -154.507 -184 
2021-012-20:14:00 183.04 12.30 -0.02  0.05  24169 -152.196 -184 
2021-012-20:15:00 182.99 12.73 -0.02  0.05  24122 -149.834 -184 
2021-012-20:16:00 182.95 13.16 -0.02  0.05  24076 -147.422 -184 
2021-012-20:17:00 182.90 13.60 -0.02  0.05  24030 -144.959 -184 
2021-012-20:18:00 182.85 14.03 -0.02  0.04  23984 -142.447 -184 
2021-012-20:19:00 182.81 14.46 -0.02  0.04  23938 -139.885 -184 
2021-012-20:20:00 182.77 14.90 -0.02  0.04  23892 -137.274 -184 
2021-012-20:21:00 182.72 15.34 -0.02  0.04  23847 -134.615 -184 
2021-012-20:22:00 182.68 15.78 -0.02  0.04  23801 -131.908 -184 
2021-012-20:23:00 182.64 16.22 -0.02  0.04  23755 -129.153 -184 
2021-012-20:24:00 182.60 16.66 -0.02  0.04  23710 -126.352 -184 
2021-012-20:25:00 182.56 17.10 -0.02  0.04  23664 -123.504 -184 
2021-012-20:26:00 182.52 17.54 -0.02  0.03  23619 -120.610 -184 
2021-012-20:27:00 182.48 17.99 -0.02  0.03  23573 -117.672 -184 
2021-012-20:28:00 182.44 18.43 -0.02  0.03  23528 -114.689 -184 
2021-012-20:29:00 182.40 18.88 -0.02  0.03  23483 -111.662 -184 
2021-012-20:30:00 182.36 19.33 -0.02  0.03  23438 -108.591 -184 
2021-012-20:31:00 182.33 19.78 -0.02  0.03  23393 -105.478 -184 
2021-012-20:32:00 182.29 20.23 -0.02  0.03  23348 -102.324 -184 
2021-012-20:33:00 182.25 20.68 -0.02  0.03  23304 -99.128 -184 
2021-012-20:34:00 182.22 21.14 -0.02  0.03  23259 -95.891 -184 
2021-012-20:35:00 182.18 21.59 -0.02  0.02  23215 -92.615 -184 
2021-012-20:36:00 182.15 22.05 -0.01  0.02  23170 -89.300 -184 
2021-012-20:37:00 182.11 22.50 -0.01  0.02  23126 -85.946 -184 
2021-012-20:38:00 182.08 22.96 -0.01  0.02  23082 -82.555 -184 
2021-012-20:39:00 182.04 23.42 -0.01  0.02  23038 -79.128 -184 
2021-012-20:40:00 182.01 23.88 -0.01  0.02  22995 -75.664 -184 
2021-012-20:41:00 181.98 24.34 -0.01  0.02  22951 -72.166 -184 
2021-012-20:42:00 181.94 24.81 -0.01  0.02  22908 -68.633 -184 
2021-012-20:43:00 181.91 25.27 -0.01  0.02  22864 -65.067 -184 
2021-012-20:44:00 181.87 25.73 -0.01  0.02  22821 -61.469 -184 
2021-012-20:45:00 181.84 26.20 -0.01  0.02  22778 -57.840 -184 
2021-012-20:46:00 181.81 26.67 -0.01  0.01  22736 -54.179 -184 
2021-012-20:47:00 181.77 27.14 -0.01  0.01  22693 -50.490 -184 
2021-012-20:48:00 181.74 27.60 -0.01  0.01  22651 -46.771 -183 
2021-012-20:49:00 181.71 28.07 -0.01  0.01  22608 -43.025 -183 
2021-012-20:50:00 181.67 28.55 -0.01  0.01  22566 -39.252 -183 
2021-012-20:51:00 181.64 29.02 -0.01  0.01  22525 -35.453 -183 
2021-012-20:52:00 181.60 29.49 -0.01  0.01  22483 -31.629 -183 
2021-012-20:53:00 181.57 29.97 -0.01  0.01  22442 -27.782 -183 
2021-012-20:54:00 181.53 30.44 -0.01  0.01  22400 -23.912 -183 
2021-012-20:55:00 181.50 30.92 -0.01  0.01  22359 -20.020 -183 
2021-012-20:56:00 181.46 31.40 -0.01  0.01  22319 -16.107 -183 
2021-012-20:57:00 181.43 31.87 -0.01  0.00  22278 -12.175 -183 
2021-012-20:58:00 181.39 32.35 -0.01  0.00  22238  -8.225 -183 
2021-012-20:59:00 181.35 32.83 -0.01  0.00  22198  -4.257 -183 
2021-012-21:00:00 181.31 33.32 -0.01  0.00  22158  -0.273 -183 
2021-012-21:01:00 181.28 33.80 -0.01  0.00  22118   3.726 -183 
2021-012-21:02:00 181.24 34.28 -0.01  0.00  22079   7.740 -183 
2021-012-21:03:00 181.20 34.77 -0.01  0.00  22040  11.766 -183 
2021-012-21:04:00 181.15 35.25 -0.01 -0.00  22001  15.804 -183 
2021-012-21:05:00 181.11 35.74 -0.00 -0.00  21962  19.853 -183 
2021-012-21:06:00 181.07 36.22 -0.00 -0.00  21924  23.911 -183 
2021-012-21:07:00 181.02 36.71 -0.00 -0.00  21886  27.978 -183 
2021-012-21:08:00 180.98 37.20 -0.00 -0.00  21848  32.051 -183 
2021-012-21:09:00 180.93 37.69 -0.00 -0.00  21810  36.131 -183 
2021-012-21:10:00 180.89 38.18 -0.00 -0.00  21773  40.215 -183 
2021-012-21:11:00 180.84 38.67 -0.00 -0.01  21736  44.303 -183 
2021-012-21:12:00 180.79 39.16 -0.00 -0.01  21699  48.393 -183 
2021-012-21:13:00 180.73 39.66 -0.00 -0.01  21663  52.485 -183 
2021-012-21:14:00 180.68 40.15 -0.00 -0.01  21627  56.576 -183 
2021-012-21:15:00 180.62 40.64 -0.00 -0.01  21591  60.666 -183 
2021-012-21:16:00 180.57 41.14 -0.00 -0.01  21555  64.753 -183 
2021-012-21:17:00 180.51 41.63  0.00 -0.01  21520  68.837 -183 
2021-012-21:18:00 180.45 42.13  0.00 -0.01  21485  72.916 -183 
2021-012-21:19:00 180.38 42.63  0.00 -0.01  21450  76.988 -183 
2021-012-21:20:00 180.32 43.12  0.00 -0.01  21416  81.053 -183 
2021-012-21:21:00 180.25 43.62  0.00 -0.01  21382  85.109 -183 
2021-012-21:22:00 180.18 44.12  0.00 -0.01  21348  89.156 -183 
2021-012-21:23:00 180.11 44.62  0.00 -0.01  21315  93.191 -183 
2021-012-21:24:00 180.03 45.12  0.00 -0.02  21282  97.214 -183 
2021-012-21:25:00 179.96 45.62  0.00 -0.02  21249  101.223 -183 
2021-012-21:26:00 179.88 46.12  0.00 -0.02  21217  105.217 -183 
2021-012-21:27:00 179.79 46.62  0.00 -0.02  21185  109.195 -183 
2021-012-21:28:00 179.70 47.12  0.00 -0.02  21153  113.156 -183 
2021-012-21:29:00 179.61 47.63  0.01 -0.02  21122  117.098 -183 
2021-012-21:30:00 179.52 48.13  0.01 -0.02  21091  121.020 -183 
2021-012-21:31:00 179.42 48.63  0.01 -0.02  21060  124.921 -183 
2021-012-21:32:00 179.32 49.14  0.01 -0.02  21030  128.800 -183 
2021-012-21:33:00 179.21 49.64  0.01 -0.02  21000  132.656 -183 
2021-012-21:34:00 179.10 50.14  0.01 -0.02  20971  136.486 -183 
2021-012-21:35:00 178.99 50.65  0.01 -0.02  20941  140.291 -183 
2021-012-21:36:00 178.87 51.15  0.01 -0.02  20913  144.069 -183 
2021-012-21:37:00 178.74 51.66  0.01 -0.03  20884  147.819 -183 
2021-012-21:38:00 178.61 52.16  0.01 -0.03  20856  151.539 -183 
2021-012-21:39:00 178.48 52.66  0.01 -0.03  20828  155.228 -183 
2021-012-21:40:00 178.34 53.17  0.01 -0.03  20801  158.886 -183 
2021-012-21:41:00 178.19 53.67  0.01 -0.03  20774  162.511 -183 
2021-012-21:42:00 178.04 54.18  0.01 -0.03  20748  166.102 -183 
2021-012-21:43:00 177.88 54.68  0.01 -0.03  20722  169.658 -183 
2021-012-21:44:00 177.71 55.19  0.01 -0.03  20696  173.177 -183 
2021-012-21:45:00 177.53 55.69  0.01 -0.03  20670  176.659 -183 
2021-012-21:46:00 177.35 56.19  0.01 -0.03  20645  180.103 -183 
2021-012-21:47:00 177.16 56.70  0.01 -0.04  20621  183.507 -183 
2021-012-21:48:00 176.96 57.20  0.01 -0.04  20597  186.871 -183 
2021-012-21:49:00 176.76 57.70  0.01 -0.04  20573  190.193 -183 
2021-012-21:50:00 176.54 58.21  0.01 -0.04  20550  193.472 -183 
2021-012-21:51:00 176.31 58.71  0.01 -0.04  20527  196.708 -183 
2021-012-21:52:00 176.08 59.21  0.01 -0.04  20504  199.899 -183 
2021-012-21:53:00 175.83 59.71  0.01 -0.04  20482  203.044 -183 
2021-012-21:54:00 175.57 60.21  0.01 -0.04  20460  206.143 -183 
2021-012-21:55:00 175.30 60.71  0.01 -0.04  20439  209.194 -183 
2021-012-21:56:00 175.01 61.21  0.01 -0.05  20418  212.197 -183 
2021-012-21:57:00 174.71 61.70  0.01 -0.05  20398  215.151 -183 
2021-012-21:58:00 174.40 62.20  0.01 -0.05  20378  218.054 -183 
2021-012-21:59:00 174.07 62.69  0.01 -0.05  20358  220.907 -183 
2021-012-22:00:00 173.73 63.18  0.01 -0.05  20339  223.707 -183 
2021-012-22:01:00 173.37 63.68  0.01 -0.05  20320  226.455 -183 
2021-012-22:02:00 173.00 64.17  0.01 -0.05  20302  229.149 -183 
2021-012-22:03:00 172.60 64.65  0.00 -0.05  20284  231.790 -183 
2021-012-22:04:00 172.18 65.14  0.00 -0.06  20267  234.375 -183 
2021-012-22:05:00 171.75 65.62  0.00 -0.06  20250  236.904 -183 
2021-012-22:06:00 171.29 66.11 -0.00 -0.06  20233  239.377 -183 
2021-012-22:07:00 170.81 66.59 -0.00 -0.06  20217  241.793 -183 
2021-012-22:08:00 170.30 67.06 -0.00 -0.06  20202  244.151 -182 
2021-012-22:09:00 169.77 67.54 -0.01 -0.06  20187  246.451 -182 
2021-012-22:10:00 169.21 68.01 -0.01 -0.06  20172  248.691 -182 
2021-012-22:11:00 168.62 68.48 -0.01 -0.07  20157  250.873 -182 
2021-012-22:12:00 168.00 68.94 -0.02 -0.07  20144  252.994 -182 
2021-012-22:13:00 167.35 69.40 -0.02 -0.07  20130  255.055 -182 
2021-012-22:14:00 166.66 69.86 -0.03 -0.07  20117  257.054 -182 
2021-012-22:15:00 165.93 70.32 -0.03 -0.07  20105  258.992 -182 
2021-012-22:16:00 165.17 70.76 -0.04 -0.07  20093  260.868 -182 
2021-012-22:17:00 164.36 71.21 -0.04 -0.08  20081  262.682 -182 
2021-012-22:18:00 163.51 71.65 -0.05 -0.08  20070  264.432 -182 
2021-012-22:19:00 162.61 72.08 -0.06 -0.08  20059  266.120 -182 
2021-012-22:20:00 161.66 72.51 -0.06 -0.08  20049  267.744 -182 
2021-012-22:21:00 160.65 72.93 -0.07 -0.08  20039  269.305 -182 
2021-012-22:22:00 159.60 73.34 -0.08 -0.08  20030  270.801 -182 
2021-012-22:23:00 158.48 73.74 -0.09 -0.09  20021  272.234 -182 
2021-012-22:24:00 157.30 74.14 -0.11 -0.09  20012  273.601 -182 
2021-012-22:25:00 156.05 74.53 -0.12 -0.09  20004  274.904 -182 
2021-012-22:26:00 154.74 74.91 -0.14 -0.09  19997  276.143 -182 
2021-012-22:27:00 153.35 75.28 -0.15 -0.09  19990  277.316 -182 
2021-012-22:28:00 151.88 75.63 -0.17 -0.10  19983  278.424 -182 
2021-012-22:29:00 150.34 75.98 -0.19 -0.10  19977  279.468 -182 
2021-012-22:30:00 148.71 76.31 -0.21 -0.10  19971  280.446 -182 
2021-012-22:31:00 147.00 76.63 -0.23 -0.10  19966  281.359 -182 
2021-012-22:32:00 145.20 76.93 -0.26 -0.10  19961  282.207 -182 
2021-012-22:33:00 143.32 77.22 -0.28 -0.10  19957  282.989 -182 
2021-012-22:34:00 141.35 77.49 -0.31 -0.11  19953  283.707 -182 
2021-012-22:35:00 139.28 77.74 -0.34 -0.11  19949  284.360 -182 
2021-012-22:36:00 137.13 77.97 -0.37 -0.11  19946  284.948 -182 
2021-012-22:37:00 134.90 78.19 -0.40 -0.11  19944  285.471 -182 
2021-012-22:38:00 132.58 78.38 -0.43 -0.11  19942  285.931 -182 
2021-012-22:39:00 130.19 78.55 -0.47 -0.12  19940  286.325 -182 
2021-012-22:40:00 127.73 78.69 -0.50 -0.12  19939  286.656 -182 
2021-012-22:41:00 125.21 78.81 -0.53 -0.12  19938  286.923 -182 
2021-012-22:42:00 122.64 78.91 -0.56 -0.12  19938  287.127 -182 
2021-012-22:43:00 120.04 78.98 -0.60 -0.12  19938  287.268 -182 
2021-012-22:44:00 117.40 79.03 -0.62 -0.13  19938  287.346 -182 
2021-012-22:45:00 114.76 79.05 -0.65 -0.13  19939  287.362 -182 
2021-012-22:46:00 112.11 79.04 -0.67 -0.13  19941  287.315 -182 
2021-012-22:47:00 109.48 79.01 -0.70 -0.13  19943  287.208 -182 
2021-012-22:48:00 106.87 78.95 -0.71 -0.13  19945  287.039 -182 
2021-012-22:49:00 104.31 78.86 -0.73 -0.14  19948  286.809 -182 
2021-012-22:50:00 101.79 78.75 -0.74 -0.14  19951  286.520 -182 
2021-012-22:51:00 99.34 78.62 -0.74 -0.14  19955  286.170 -182 
2021-012-22:52:00 96.95 78.46 -0.75 -0.14  19959  285.762 -182 
2021-012-22:53:00 94.64 78.28 -0.75 -0.14  19963  285.296 -182 
2021-012-22:54:00 92.42 78.08 -0.75 -0.15  19968  284.771 -182 
2021-012-22:55:00 90.28 77.86 -0.74 -0.15  19974  284.189 -182 
2021-012-22:56:00 88.23 77.63 -0.74 -0.15  19979  283.551 -182 
2021-012-22:57:00 86.27 77.37 -0.73 -0.15  19986  282.857 -182 
2021-012-22:58:00 84.40 77.10 -0.72 -0.15  19992  282.107 -182 
2021-012-22:59:00 82.62 76.81 -0.71 -0.15  19999  281.303 -182 
2021-012-23:00:00 80.92 76.51 -0.70 -0.16  20007  280.444 -182 
2021-012-23:01:00 79.32 76.20 -0.69 -0.16  20015  279.533 -182 
2021-012-23:02:00 77.80 75.87 -0.67 -0.16  20023  278.569 -182 
2021-012-23:03:00 76.36 75.53 -0.66 -0.16  20032  277.554 -182 
2021-012-23:04:00 74.99 75.18 -0.65 -0.16  20041  276.488 -182 
2021-012-23:05:00 73.71 74.82 -0.63 -0.17  20051  275.371 -182 
2021-012-23:06:00 72.49 74.46 -0.62 -0.17  20061  274.206 -182 
2021-012-23:07:00 71.34 74.08 -0.61 -0.17  20071  272.992 -182 
2021-012-23:08:00 70.26 73.70 -0.59 -0.17  20082  271.730 -182 
2021-012-23:09:00 69.24 73.31 -0.58 -0.17  20093  270.422 -182 
2021-012-23:10:00 68.27 72.91 -0.57 -0.17  20104  269.068 -182 
2021-012-23:11:00 67.36 72.51 -0.55 -0.17  20116  267.669 -182 
2021-012-23:12:00 66.50 72.11 -0.54 -0.18  20129  266.226 -182 
2021-012-23:13:00 65.69 71.69 -0.53 -0.18  20141  264.739 -182 
2021-012-23:14:00 64.93 71.28 -0.52 -0.18  20155  263.211 -182 
2021-012-23:15:00 64.21 70.86 -0.51 -0.18  20168  261.641 -182 
2021-012-23:16:00 63.54 70.43 -0.50 -0.18  20182  260.031 -182 
2021-012-23:17:00 62.90 70.00 -0.49 -0.18  20196  258.381 -182 
2021-012-23:18:00 62.30 69.57 -0.48 -0.19  20211  256.693 -183 
2021-012-23:19:00 61.73 69.14 -0.47 -0.19  20226  254.968 -183 
2021-012-23:20:00 61.20 68.70 -0.46 -0.19  20241  253.205 -183 
2021-012-23:21:00 60.69 68.26 -0.45 -0.19  20257  251.408 -183 
2021-012-23:22:00 60.22 67.82 -0.44 -0.19  20273  249.576 -183 
2021-012-23:23:00 59.78 67.38 -0.43 -0.19  20290  247.710 -183 
2021-012-23:24:00 59.36 66.93 -0.42 -0.19  20307  245.811 -183 
2021-012-23:25:00 58.97 66.49 -0.41 -0.19  20324  243.881 -183 
2021-012-23:26:00 58.60 66.04 -0.41 -0.19  20341  241.921 -183 
2021-012-23:27:00 58.25 65.59 -0.40 -0.20  20359  239.931 -183 
2021-012-23:28:00 57.92 65.14 -0.39 -0.20  20377  237.912 -183 
2021-012-23:29:00 57.62 64.69 -0.39 -0.20  20396  235.866 -183 
2021-012-23:30:00 57.33 64.24 -0.38 -0.20  20415  233.793 -183 
2021-012-23:31:00 57.07 63.79 -0.37 -0.20  20434  231.694 -183 
2021-012-23:32:00 56.82 63.33 -0.37 -0.20  20454  229.571 -183 
2021-012-23:33:00 56.58 62.88 -0.36 -0.20  20474  227.425 -183 
2021-012-23:34:00 56.37 62.42 -0.35 -0.20  20494  225.256 -183 
2021-012-23:35:00 56.17 61.97 -0.35 -0.20  20515  223.065 -183 
2021-012-23:36:00 55.98 61.51 -0.34 -0.20  20535  220.854 -183 
2021-012-23:37:00 55.81 61.06 -0.34 -0.20  20557  218.623 -183 
2021-012-23:38:00 55.65 60.60 -0.33 -0.21  20578  216.374 -183 
2021-012-23:39:00 55.50 60.15 -0.33 -0.21  20600  214.107 -183 
2021-012-23:40:00 55.36 59.69 -0.32 -0.21  20622  211.824 -183 
2021-012-23:41:00 55.24 59.24 -0.32 -0.21  20645  209.525 -183 
2021-012-23:42:00 55.13 58.78 -0.32 -0.21  20668  207.212 -183 
2021-012-23:43:00 55.02 58.33 -0.31 -0.21  20691  204.885 -183 
2021-012-23:44:00 54.93 57.87 -0.31 -0.21  20714  202.545 -183 
2021-012-23:45:00 54.85 57.42 -0.30 -0.21  20738  200.193 -183 
2021-012-23:46:00 54.78 56.96 -0.30 -0.21  20762  197.831 -183 
2021-012-23:47:00 54.71 56.51 -0.30 -0.21  20786  195.459 -183 
2021-012-23:48:00 54.66 56.06 -0.29 -0.21  20810  193.078 -183 
2021-012-23:49:00 54.61 55.60 -0.29 -0.21  20835  190.690 -183 
2021-012-23:50:00 54.57 55.15 -0.29 -0.21  20860  188.294 -183 
2021-012-23:51:00 54.54 54.70 -0.28 -0.21  20886  185.892 -183 
2021-012-23:52:00 54.52 54.25 -0.28 -0.21  20911  183.485 -183 
2021-012-23:53:00 54.50 53.80 -0.28 -0.21  20937  181.074 -183 
2021-012-23:54:00 54.50 53.35 -0.27 -0.21  20963  178.659 -183 
2021-012-23:55:00 54.49 52.90 -0.27 -0.21  20990  176.241 -183 
2021-012-23:56:00 54.50 52.45 -0.27 -0.21  21016  173.822 -183 
2021-012-23:57:00 54.51 52.00 -0.26 -0.21  21043  171.402 -183 
2021-012-23:58:00 54.52 51.55 -0.26 -0.21  21070  168.983 -183 
2021-012-23:59:00 54.55 51.11 -0.26 -0.21  21098  166.563 -183 
2021-013-00:00:00 54.58 50.66 -0.26 -0.21  21125  164.146 -183 
2021-013-00:01:00 54.61 50.21 -0.25 -0.21  21153  161.731 -183 
2021-013-00:02:00 54.65 49.77 -0.25 -0.21  21181  159.319 -183 
2021-013-00:03:00 54.69 49.33 -0.25 -0.21  21210  156.912 -183 
2021-013-00:04:00 54.74 48.88 -0.24 -0.21  21238  154.509 -183 
2021-013-00:05:00 54.79 48.44 -0.24 -0.21  21267  152.111 -183 
2021-013-00:06:00 54.85 48.00 -0.24 -0.21  21296  149.720 -183 
2021-013-00:07:00 54.92 47.56 -0.24 -0.21  21326  147.336 -183 
2021-013-00:08:00 54.98 47.12 -0.24 -0.21  21355  144.959 -183 
2021-013-00:09:00 55.06 46.68 -0.23 -0.21  21385  142.591 -183 
2021-013-00:10:00 55.13 46.25 -0.23 -0.21  21415  140.232 -183 
2021-013-00:11:00 55.21 45.81 -0.23 -0.21  21445  137.882 -183 
2021-013-00:12:00 55.30 45.38 -0.23 -0.21  21475  135.543 -183 
2021-013-00:13:00 55.38 44.94 -0.22 -0.20  21506  133.215 -183 
2021-013-00:14:00 55.48 44.51 -0.22 -0.20  21536  130.899 -183 
2021-013-00:15:00 55.57 44.08 -0.22 -0.20  21567  128.595 -183 
2021-013-00:16:00 55.67 43.64 -0.22 -0.20  21598  126.304 -183 
2021-013-00:17:00 55.77 43.21 -0.22 -0.20  21630  124.026 -183 
2021-013-00:18:00 55.88 42.78 -0.21 -0.20  21661  121.762 -183 
2021-013-00:19:00 55.99 42.36 -0.21 -0.20  21693  119.513 -183 
2021-013-00:20:00 56.10 41.93 -0.21 -0.20  21725  117.279 -183 
2021-013-00:21:00 56.21 41.50 -0.21 -0.20  21757  115.060 -183 
2021-013-00:22:00 56.33 41.08 -0.21 -0.20  21789  112.858 -183 
2021-013-00:23:00 56.45 40.65 -0.21 -0.20  21821  110.672 -183 
2021-013-00:24:00 56.58 40.23 -0.20 -0.20  21854  108.503 -183 
2021-013-00:25:00 56.70 39.81 -0.20 -0.20  21886  106.352 -183 
2021-013-00:26:00 56.83 39.39 -0.20 -0.19  21919  104.219 -183 
2021-013-00:27:00 56.97 38.97 -0.20 -0.19  21952  102.104 -183 
2021-013-00:28:00 57.10 38.55 -0.20 -0.19  21986  100.008 -183 
2021-013-00:29:00 57.24 38.13 -0.20 -0.19  22019  97.931 -183 
2021-013-00:30:00 57.38 37.71 -0.19 -0.19  22052  95.874 -183 
2021-013-00:31:00 57.52 37.30 -0.19 -0.19  22086  93.837 -183 
2021-013-00:32:00 57.67 36.88 -0.19 -0.19  22120  91.820 -183 
2021-013-00:33:00 57.81 36.47 -0.19 -0.19  22154  89.823 -183 
2021-013-00:34:00 57.96 36.05 -0.19 -0.19  22188  87.848 -183 
2021-013-00:35:00 58.12 35.64 -0.19 -0.19  22222  85.894 -183 
2021-013-00:36:00 58.27 35.23 -0.18 -0.18  22256  83.962 -183 
2021-013-00:37:00 58.43 34.82 -0.18 -0.18  22291  82.051 -183 
2021-013-00:38:00 58.59 34.41 -0.18 -0.18  22325  80.162 -183 
2021-013-00:39:00 58.75 34.01 -0.18 -0.18  22360  78.296 -183 
2021-013-00:40:00 58.91 33.60 -0.18 -0.18  22395  76.453 -183 
2021-013-00:41:00 59.07 33.20 -0.18 -0.18  22430  74.632 -183 
2021-013-00:42:00 59.24 32.79 -0.18 -0.18  22465  72.835 -183 
2021-013-00:43:00 59.41 32.39 -0.17 -0.18  22500  71.060 -183 
2021-013-00:44:00 59.58 31.99 -0.17 -0.17  22535  69.309 -183 
2021-013-00:45:00 59.75 31.59 -0.17 -0.17  22571  67.582 -183 
2021-013-00:46:00 59.93 31.19 -0.17 -0.17  22606  65.878 -183 
2021-013-00:47:00 60.10 30.79 -0.17 -0.17  22642  64.198 -183 
2021-013-00:48:00 60.28 30.39 -0.17 -0.17  22678  62.543 -184 
2021-013-00:49:00 60.46 29.99 -0.17 -0.17  22713  60.911 -184 
2021-013-00:50:00 60.64 29.60 -0.16 -0.17  22749  59.303 -184 
2021-013-00:51:00 60.82 29.20 -0.16 -0.17  22785  57.720 -184 
2021-013-00:52:00 61.01 28.81 -0.16 -0.16  22821  56.161 -184 
2021-013-00:53:00 61.19 28.42 -0.16 -0.16  22858  54.627 -184 
2021-013-00:54:00 61.38 28.03 -0.16 -0.16  22894  53.117 -184 
2021-013-00:55:00 61.57 27.64 -0.16 -0.16  22930  51.632 -184 
2021-013-00:56:00 61.76 27.25 -0.16 -0.16  22967  50.171 -184 
2021-013-00:57:00 61.95 26.86 -0.15 -0.16  23003  48.735 -184 
2021-013-00:58:00 62.15 26.47 -0.15 -0.16  23040  47.323 -184 
2021-013-00:59:00 62.34 26.09 -0.15 -0.15  23076  45.936 -184 
2021-013-01:00:00 62.54 25.70 -0.15 -0.15  23113  44.573 -184 
2021-013-01:01:00 62.74 25.32 -0.15 -0.15  23150  43.235 -184 
2021-013-01:02:00 62.94 24.94 -0.15 -0.15  23187  41.922 -184 
2021-013-01:03:00 63.14 24.55 -0.15 -0.15  23224  40.633 -184 
2021-013-01:04:00 63.34 24.17 -0.15 -0.15  23261  39.368 -184 
2021-013-01:05:00 63.54 23.79 -0.14 -0.15  23298  38.127 -184 
2021-013-01:06:00 63.75 23.41 -0.14 -0.14  23335  36.911 -184 
2021-013-01:07:00 63.95 23.04 -0.14 -0.14  23372  35.719 -184 
2021-013-01:08:00 64.16 22.66 -0.14 -0.14  23410  34.551 -184 
2021-013-01:09:00 64.37 22.28 -0.14 -0.14  23447  33.407 -184 
2021-013-01:10:00 64.58 21.91 -0.14 -0.14  23484  32.287 -184 
2021-013-01:11:00 64.79 21.54 -0.14 -0.14  23522  31.190 -184 
2021-013-01:12:00 65.00 21.16 -0.14 -0.14  23559  30.117 -184 
2021-013-01:13:00 65.21 20.79 -0.13 -0.13  23597  29.068 -184 
2021-013-01:14:00 65.43 20.42 -0.13 -0.13  23634  28.042 -184 
2021-013-01:15:00 65.64 20.05 -0.13 -0.13  23672  27.038 -184 
2021-013-01:16:00 65.86 19.68 -0.13 -0.13  23710  26.058 -184 
2021-013-01:17:00 66.08 19.31 -0.13 -0.13  23747  25.101 -184 
2021-013-01:18:00 66.30 18.95 -0.13 -0.13  23785  24.166 -184 
2021-013-01:19:00 66.52 18.58 -0.13 -0.13  23823  23.254 -184 
2021-013-01:20:00 66.74 18.22 -0.13 -0.12  23861  22.364 -184 
2021-013-01:21:00 66.96 17.85 -0.12 -0.12  23899  21.496 -184 
2021-013-01:22:00 67.18 17.49 -0.12 -0.12  23936  20.650 -184 
2021-013-01:23:00 67.41 17.13 -0.12 -0.12  23974  19.825 -184 
2021-013-01:24:00 67.63 16.76 -0.12 -0.12  24012  19.022 -184 
2021-013-01:25:00 67.86 16.40 -0.12 -0.12  24050  18.241 -184 
2021-013-01:26:00 68.08 16.04 -0.12 -0.12  24088  17.480 -184 
2021-013-01:27:00 68.31 15.69 -0.12 -0.12  24126  16.740 -184 
2021-013-01:28:00 68.54 15.33 -0.12 -0.11  24164  16.020 -184 
2021-013-01:29:00 68.77 14.97 -0.11 -0.11  24202  15.321 -184 
2021-013-01:30:00 69.00 14.62 -0.11 -0.11  24240  14.642 -184 
2021-013-01:31:00 69.23 14.26 -0.11 -0.11  24279  13.983 -184 
2021-013-01:32:00 69.46 13.91 -0.11 -0.11  24317  13.344 -184 
2021-013-01:33:00 69.69 13.55 -0.11 -0.11  24355  12.724 -184 
2021-013-01:34:00 69.93 13.20 -0.11 -0.11  24393  12.123 -184 
2021-013-01:35:00 70.16 12.85 -0.11 -0.10  24431  11.540 -184 
2021-013-01:36:00 70.39 12.50 -0.11 -0.10  24469  10.977 -184 
2021-013-01:37:00 70.63 12.15 -0.10 -0.10  24507  10.432 -184 
2021-013-01:38:00 70.87 11.80 -0.10 -0.10  24546   9.904 -184 
2021-013-01:39:00 71.10 11.45 -0.10 -0.10  24584   9.395 -184 
2021-013-01:40:00 71.34 11.10 -0.10 -0.10  24622   8.903 -184 
2021-013-01:41:00 71.58 10.76 -0.10 -0.10  24660   8.429 -184 
2021-013-01:42:00 71.82 10.41 -0.10 -0.09  24698   7.972 -184 
2021-013-01:43:00 72.06 10.07 -0.10 -0.09  24736   7.531 -184 
2021-013-01:44:00 72.30  9.72 -0.10 -0.09  24775   7.107 -184 
2021-013-01:45:00 72.54  9.38 -0.09 -0.09  24813   6.699 -184 
2021-013-01:46:00 72.79  9.04 -0.09 -0.09  24851   6.307 -184 
