#ARO CONTROL FILE
#Station: ARO
#UTC DATE/TIME	 Azimuth and AZ_Velocity     Elevation and EL_Velocity
2020.301.16:00:00 114 33 29.3 -0.2     26 58 34.5 -0.2
2020.301.16:01:00 114 20 35.7 -0.2     27 18 49.9 -0.2
2020.301.16:02:00 114  5 21.8 -0.2     27 38 51.5 -0.2
2020.301.16:03:00 113 51 47.5 -0.2     27 58 39.1 -0.2
2020.301.16:04:00 113 36 52.9 -0.2     28 17 12.7 -0.2
2020.301.16:05:00 113 21 37.9 -0.2     28 37 32.2 -0.2
2020.301.16:06:00 113  5 2.5 -0.2     28 56 37.6 -0.2
2020.301.16:07:00 112 49 6.6 -0.2     29 14 28.6 -0.2
2020.301.16:08:00 112 33 50.4 -0.2     29 33 5.3 -0.2
2020.301.16:09:00 112 16 13.6 -0.2     29 51 27.6 -0.2
2020.301.16:10:00 111 59 16.4 -0.2     30 10 35.2 -0.2
2020.301.16:11:00 111 42 58.8 -0.2     30 27 28.2 -0.2
2020.301.16:12:00 111 24 20.8 -0.2     30 45 6.4 -0.2
2020.301.16:13:00 111  6 22.3 -0.2     31  2 29.8 -0.2
2020.301.16:14:00 110 48 3.4 -0.2     31 20 38.2 -0.2
2020.301.16:15:00 110 29 24.2 -0.2     31 37 31.5 -0.2
2020.301.16:16:00 110 10 24.7 -0.2     31 53 9.6 -0.2
2020.301.16:17:00 109 51 4.8 -0.2     32 10 32.5 -0.2
2020.301.16:18:00 109 31 24.8 -0.2     32 26 39.9 -0.2
2020.301.16:19:00 109 11 24.6 -0.2     32 42 31.8 -0.2
2020.301.16:20:00 108 51 4.3 -0.2     32 57 8.0 -0.2
2020.301.16:21:00 108 30 23.9 -0.2     33 12 28.5 -0.2
2020.301.16:22:00 108  9 23.7 -0.2     33 28 33.1 -0.2
2020.301.16:23:00 107 48 3.6 -0.2     33 42 21.8 -0.2
2020.301.16:24:00 107 26 23.8 -0.2     33 57 54.3 -0.2
2020.301.16:25:00 107  4 24.4 -0.2     34 11 10.6 -0.2
2020.301.16:26:00 106 42 5.5 -0.2     34 25 10.5 -0.2
2020.301.16:27:00 106 19 27.2 -0.2     34 39 54.0 -0.2
2020.301.16:28:00 105 56 29.8 -0.2     34 52 20.9 -0.2
2020.301.16:29:00 105 33 13.3 -0.2     35  6 31.0 -0.2
2020.301.16:30:00 105 10 37.9 -0.2     35 18 24.4 -0.2
2020.301.16:31:00 104 46 43.8 -0.2     35 31 0.8 -0.2
2020.301.16:32:00 104 22 31.2 -0.2     35 43 20.1 -0.2
2020.301.16:33:00 103 57 0.3 -0.2     35 55 22.2 -0.2
2020.301.16:34:00 103 32 11.3 -0.2     36  7 7.1 -0.2
2020.301.16:35:00 103  7 4.4 -0.2     36 19 34.5 -0.2
2020.301.16:36:00 102 42 39.8 -0.2     36 30 44.4 -0.2
2020.301.16:37:00 102 16 57.8 -0.2     36 41 36.6 -0.2
2020.301.16:38:00 101 50 58.7 -0.2     36 51 11.0 -0.2
2020.301.16:39:00 101 24 42.8 -0.2     37  1 27.6 -0.2
2020.301.16:40:00 100 57 10.2 -0.2     37 11 26.2 -0.2
2020.301.16:41:00 100 30 21.3 -0.2     37 21 6.7 -0.2
2020.301.16:42:00 100  3 16.4 -0.2     37 30 29.0 -0.2
2020.301.16:43:00  99 36 55.8 -0.2     37 40 33.1 -0.2
2020.301.16:44:00  99  8 19.9 -0.2     37 48 18.7 -0.2
2020.301.16:45:00  98 40 28.9 -0.2     37 57 45.9 -0.2
2020.301.16:46:00  98 12 23.2 -0.2     38  5 54.5 -0.2
2020.301.16:47:00  97 44 3.3 -0.2     38 13 44.4 -0.2
2020.301.16:48:00  97 15 29.3 -0.2     38 20 15.7 -0.2
2020.301.16:49:00  96 47 41.8 -0.2     38 27 28.0 -0.2
2020.301.16:50:00  96 18 41.2 -0.2     38 34 21.6 -0.2
2020.301.16:51:00  95 48 27.7 -0.2     38 41 56.1 -0.2
2020.301.16:52:00  95 19 1.8 -0.2     38 47 11.6 -0.2
2020.301.16:53:00  94 49 24.0 -0.2     38 53 8.1 -0.2
2020.301.16:54:00  94 20 34.7 -0.2     38 59 45.4 -0.2
2020.301.16:55:00  93 50 34.3 -0.2     39  4 3.5 -0.2
2020.301.16:56:00  93 19 23.1 -0.2     39  9 2.4 -0.2
2020.301.16:57:00  92 49 1.8 -0.2     39 14 42.0 -0.2
2020.301.16:58:00  92 19 30.7 -0.2     39 18 2.4 -0.2
2020.301.16:59:00  91 48 50.4 -0.2     39 22 3.4 -0.2
2020.301.17:00:00  91 17 1.2 -0.2     39 26 45.1 -0.2
2020.301.17:01:00  90 46 3.6 -0.2     39 29 7.4 -0.2
2020.301.17:02:00  90 15 58.1 -0.2     39 32 10.3 -0.2
2020.301.17:03:00  89 44 45.3 -0.2     39 35 53.9 -0.2
2020.301.17:04:00  89 12 25.5 -0.2     39 37 18.1 -0.2
2020.301.17:05:00  88 41 59.2 -0.2     39 39 22.9 -0.2
2020.301.17:06:00  88  9 27.0 -0.2     39 41 8.5 -0.2
2020.301.17:07:00  87 38 49.4 -0.2     39 43 34.7 -0.2
2020.301.17:08:00  87  6 6.7 -0.2     39 44 41.6 -0.2
2020.301.17:09:00  86 34 19.6 -0.2     39 44 29.3 -0.2
2020.301.17:10:00  86  2 28.5 -0.2     39 45 57.8 -0.2
2020.301.17:11:00  85 31 33.8 -0.2     39 45 7.2 -0.2
2020.301.17:12:00  84 59 36.2 -0.2     39 45 57.4 -0.2
2020.301.17:13:00  84 27 35.9 -0.2     39 44 28.7 -0.1
2020.301.17:14:00  83 55 33.6 -0.2     39 44 41.0 -0.1
2020.301.17:15:00  83 22 29.7 -0.2     39 43 34.4 -0.1
2020.301.17:16:00  82 50 24.6 -0.2     39 41 9.0 -0.1
2020.301.17:17:00  82 18 18.9 -0.2     39 39 25.0 -0.1
2020.301.17:18:00  81 46 12.9 -0.2     39 37 22.3 -0.1
2020.301.17:19:00  81 14 7.2 -0.2     39 35 1.1 -0.1
2020.301.17:20:00  80 42 2.1 -0.2     39 32 21.6 -0.1
2020.301.17:21:00  80 10 58.1 -0.2     39 29 23.7 -0.1
2020.301.17:22:00  79 38 55.7 -0.2     39 26 7.7 -0.1
2020.301.17:23:00  79  6 55.3 -0.2     39 23 33.7 -0.1
2020.301.17:24:00  78 34 57.2 -0.2     39 19 41.7 -0.1
2020.301.17:25:00  78  2 1.8 -0.2     39 15 32.0 -0.1
2020.301.17:26:00  77 30 9.6 -0.2     39 10 4.7 -0.1
2020.301.17:27:00  76 58 20.9 -0.2     39  5 19.9 -0.1
2020.301.17:28:00  76 27 36.1 -0.2     39  0 17.8 -0.1
2020.301.17:29:00  75 55 55.6 -0.2     38 55 58.5 -0.1
2020.301.17:30:00  75 23 19.6 -0.2     38 49 22.2 -0.1
2020.301.17:31:00  74 52 48.6 -0.2     38 43 29.0 -0.1
2020.301.17:32:00  74 20 22.8 -0.2     38 37 19.2 -0.1
2020.301.17:33:00  73 49 2.6 -0.2     38 31 52.8 -0.1
2020.301.17:34:00  73 18 48.2 -0.2     38 24 10.1 -0.1
2020.301.17:35:00  72 47 39.9 -0.2     38 17 11.3 -0.1
2020.301.17:36:00  72 16 38.1 -0.2     38 10 56.5 -0.1
2020.301.17:37:00  71 45 42.8 -0.2     38  2 25.9 -0.1
2020.301.17:38:00  71 14 54.5 -0.2     37 55 39.7 -0.1
2020.301.17:39:00  70 43 13.3 -0.2     37 47 38.1 -0.1
2020.301.17:40:00  70 13 39.4 -0.2     37 38 21.2 -0.1
2020.301.17:41:00  69 42 13.1 -0.2     37 30 49.3 -0.1
2020.301.17:42:00  69 12 54.5 -0.2     37 21 2.6 -0.1
2020.301.17:43:00  68 42 43.7 -0.2     37 12 1.2 -0.1
2020.301.17:44:00  68 12 41.1 -0.2     37  3 45.4 -0.1
2020.301.17:45:00  67 42 46.7 -0.2     36 53 15.4 -0.1
2020.301.17:46:00  67 12 0.6 -0.2     36 44 31.3 -0.1
2020.301.17:47:00  66 42 22.9 -0.1     36 34 33.3 -0.1
2020.301.17:48:00  66 13 53.9 -0.1     36 23 21.7 -0.1
2020.301.17:49:00  65 44 33.5 -0.1     36 13 56.6 -0.1
2020.301.17:50:00  65 14 21.9 -0.1     36  2 18.3 -0.1
2020.301.17:51:00  64 45 19.1 -0.1     35 51 26.9 -0.1
2020.301.17:52:00  64 16 25.2 -0.1     35 40 22.7 -0.1
2020.301.17:53:00  63 48 40.2 -0.1     35 29 5.7 -0.1
2020.301.17:54:00  63 19 4.2 -0.1     35 18 36.4 -0.1
2020.301.17:55:00  62 51 37.2 -0.1     35  6 54.7 -0.1
2020.301.17:56:00  62 22 19.2 -0.1     34 54 1.0 -0.1
2020.301.17:57:00  61 54 10.1 -0.1     34 42 55.4 -0.1
2020.301.17:58:00  61 26 10.1 -0.1     34 30 38.1 -0.1
2020.301.17:59:00  60 58 19.0 -0.1     34 17 9.3 -0.1
2020.301.18:00:00  60 31 36.8 -0.1     34  4 29.2 -0.1
2020.301.18:01:00  60  3 3.5 -0.1     33 52 37.9 -0.1
2020.301.18:02:00  59 36 39.0 -0.1     33 39 35.7 -0.1
2020.301.18:03:00  59  8 23.2 -0.1     33 25 22.7 -0.1
2020.301.18:04:00  58 41 16.2 -0.1     33 12 59.2 -0.1
2020.301.18:05:00  58 14 17.7 -0.1     32 58 25.2 -0.1
2020.301.18:06:00  57 47 27.7 -0.1     32 45 40.9 -0.1
2020.301.18:07:00  57 21 46.0 -0.1     32 31 46.6 -0.1
2020.301.18:08:00  56 54 12.7 -0.1     32 17 42.4 -0.1
2020.301.18:09:00  56 28 47.5 -0.1     32  2 28.4 -0.1
2020.301.18:10:00  56  2 30.2 -0.1     31 48 4.8 -0.1
2020.301.18:11:00  55 35 20.9 -0.1     31 34 31.8 -0.1
2020.301.18:12:00  55  9 19.2 -0.1     31 19 49.5 -0.1
2020.301.18:13:00  54 43 25.1 -0.1     31  4 58.0 -0.1
2020.301.18:14:00  54 18 38.3 -0.1     30 49 57.6 -0.1
2020.301.18:15:00  53 52 58.8 -0.1     30 34 48.3 -0.1
2020.301.18:16:00  53 26 26.2 -0.1     30 19 30.2 -0.1
2020.301.18:17:00  53  1 0.5 -0.1     30  3 3.6 -0.1
2020.301.18:18:00  52 36 41.4 -0.1     29 47 28.5 -0.1
2020.301.18:19:00  52 10 28.6 -0.1     29 32 45.1 -0.1
2020.301.18:20:00  51 45 22.1 -0.1     29 16 53.4 -0.1
2020.301.18:21:00  51 20 21.4 -0.1     28 60 53.7 -0.1
2020.301.18:22:00  50 55 26.5 -0.1     28 44 45.9 -0.1
2020.301.18:23:00  50 31 37.1 -0.1     28 28 30.3 -0.1
2020.301.18:24:00  50  6 52.9 -0.1     28 11 6.8 -0.1
2020.301.18:25:00  49 41 13.6 -0.1     27 55 35.7 -0.1
2020.301.18:26:00  49 17 39.0 -0.1     27 38 56.9 -0.1
2020.301.18:27:00  48 52 8.8 -0.1     27 21 10.6 -0.1
2020.301.18:28:00  48 28 42.8 -0.1     27  4 16.8 -0.1
2020.301.18:29:00  48  3 20.5 -0.1     26 47 15.6 -0.1
2020.301.18:30:00  47 39 1.8 -0.1     26 30 7.2 -0.1
2020.301.18:31:00  47 15 46.3 -0.1     26 13 51.4 -0.1
2020.301.18:32:00  46 51 33.7 -0.1     25 55 28.5 -0.1
2020.301.18:33:00  46 26 23.6 -0.1     25 38 58.4 -0.1
2020.301.18:34:00  46  2 15.7 -0.0     25 20 21.2 -0.1
2020.301.18:35:00  45 38 9.8 -0.0     25  3 36.9 -0.1
2020.301.18:36:00  45 14 5.3 -0.0     24 45 45.6 -0.1
2020.301.18:37:00  44 50 1.9 -0.0     24 27 47.2 -0.1
2020.301.18:38:00  44 26 59.3 -0.0     24  9 41.8 -0.1
2020.301.18:39:00  44  2 57.1 -0.0     23 50 29.5 -0.0
2020.301.18:40:00  43 38 54.9 -0.0     23 32 10.1 -0.0
2020.301.18:41:00  43 14 52.1 -0.0     23 14 43.7 -0.0
2020.301.18:42:00  42 50 48.5 -0.0     22 55 10.2 -0.0
2020.301.18:43:00  42 26 43.5 -0.0     22 36 29.8 -0.0
2020.301.18:44:00  42  2 36.8 -0.0     22 18 42.2 -0.0
2020.301.18:45:00  41 37 27.8 -0.0     21 59 47.5 -0.0
2020.301.18:46:00  41 13 16.0 -0.0     21 40 45.7 -0.0
2020.301.18:47:00  40 49 1.0 -0.0     21 21 36.6 -0.0
2020.301.18:48:00  40 25 42.2 -0.0     21  1 20.3 -0.0
2020.301.18:49:00  40  0 19.1 -0.0     20 42 56.5 -0.0
2020.301.18:50:00  39 36 51.1 -0.0     20 22 25.3 -0.0
2020.301.18:51:00  39 11 17.7 -0.0     20  3 46.5 -0.0
2020.301.18:52:00  38 47 38.2 -0.0     19 43 0.1 -0.0
2020.301.18:53:00  38 22 52.0 -0.0     19 23 5.8 -0.0
2020.301.18:54:00  37 57 58.5 -0.0     19  3 3.7 -0.0
2020.301.18:55:00  37 32 57.0 -0.0     18 43 53.4 -0.0
2020.301.18:56:00  37  7 46.8 -0.0     18 23 34.9 -0.0
2020.301.18:57:00  36 41 27.2 -0.0     18  2 8.0 -0.0
2020.301.18:58:00  36 16 57.4 -0.0     17 42 32.5 -0.0
2020.301.18:59:00  35 50 16.7 -0.0     17 21 48.2 -0.0
2020.301.19:00:00  35 24 24.1 -0.0     16 60 54.8 -0.0
2020.301.19:01:00  34 58 18.9 -0.0     16 39 52.2 -0.0
2020.301.19:02:00  34 32 0.1 -0.0     16 18 40.0 -0.0
2020.301.19:03:00  34  5 26.8 -0.0     15 56 18.0 -0.0
2020.301.19:04:00  33 39 37.9 -0.0     15 35 45.9 0.0
2020.301.19:05:00  33 12 32.5 -0.0     15 13 3.4 0.0
2020.301.19:06:00  32 44 9.5 0.0     14 51 10.1 0.0
2020.301.19:07:00  32 16 27.6 0.0     14 29 5.6 0.0
2020.301.19:08:00  31 48 25.7 0.0     14  7 49.6 0.0
2020.301.19:09:00  31 20 2.6 0.0     13 44 21.6 0.0
2020.301.19:10:00  30 51 16.7 0.0     13 22 41.2 0.0
2020.301.19:11:00  30 22 6.8 0.0     12 59 47.9 0.0
2020.301.19:12:00  29 53 31.3 0.0     12 36 41.2 0.0
2020.301.19:13:00  29 22 28.6 0.0     12 12 20.5 0.0
2020.301.19:14:00  28 52 57.0 0.0     11 49 45.2 0.0
2020.301.19:15:00  28 21 54.7 0.0     11 25 54.7 0.0
2020.301.19:16:00  27 49 19.7 0.0     11  1 48.4 0.0
2020.301.19:17:00  27 17 10.2 0.0     10 36 25.4 0.0
2020.301.19:18:00  26 44 23.8 0.0     10 12 45.1 0.0
2020.301.19:19:00  26 11 58.2 0.0      9 47 46.5 0.0
2020.301.19:20:00  25 37 51.0 0.0      9 21 28.8 0.0
2020.301.19:21:00  25  2 59.5 0.0      8 56 51.0 0.0
2020.301.19:22:00  24 26 20.8 0.0      8 30 52.1 0.0
2020.301.19:23:00  23 50 51.9 0.0      8  4 31.1 0.0
2020.301.19:24:00  23 12 29.5 0.0      7 37 46.7 0.0
2020.301.19:25:00  22 34 10.1 0.0      7 10 37.6 0.0
2020.301.19:26:00  21 55 49.8 0.0      6 42 2.6 0.1
2020.301.19:27:00  21 14 24.5 0.0      6 14 0.1 0.1
2020.301.19:28:00  20 33 49.8 0.0      5 45 28.7 0.1
2020.301.19:29:00  19 50 0.7 0.0      5 16 26.5 0.1
2020.301.19:30:00  19  6 52.2 0.0      4 47 51.9 0.1
2020.301.19:31:00  18 20 18.4 0.0      4 17 42.9 0.1
2020.301.19:32:00  17 33 13.1 0.0      3 46 57.5 0.1
2020.301.19:33:00  16 44 29.7 0.0      3 15 33.3 0.1
2020.301.19:34:00  15 54 0.7 0.0      2 42 28.1 0.1
2020.301.19:35:00  15  2 38.0 0.0      2 10 39.3 0.1
2020.301.19:36:00  14  7 12.9 0.0      1 36 4.1 0.1
2020.301.19:37:00  13 11 35.5 0.0      1  2 39.6 0.1
2020.301.19:38:00  12 12 35.2 0.0      0 26 22.8 0.1
2020.301.19:39:00  11 10 0.2 0.0      0 50 10.3 0.1
2020.301.19:40:00  10  6 37.7 0.0      0 13 58.6 0.1
2020.301.19:41:00   8 58 13.4 0.0     -1 35 44.1 0.1
2020.301.19:42:00   7 48 31.3 0.0     -2 55 22.8 0.1
2020.301.19:43:00   6 33 14.1 0.0     -2 15 50.8 0.1
2020.301.19:44:00   5 15 2.5 0.0     -3 33 3.9 0.1
2020.301.19:45:00   3 53 35.0 0.0     -4 50 58.1 0.1
2020.301.19:46:00   2 25 27.9 0.0     -4  5 29.2 0.1
2020.301.19:47:00   0 53 14.9 0.0     -5 20 33.2 0.1
2020.301.19:48:00 359 15 27.1 0.0     -6 32 6.6 0.1
2020.301.19:49:00 357 32 32.3 0.0     -7 43 6.4 0.1
2020.301.19:50:00 355 41 55.2 0.0     -8 53 30.5 0.1
2020.301.19:51:00 353 43 57.1 0.0     -8  0 18.0 0.1
2020.301.19:52:00 351 37 55.8 -0.0     -9  7 30.0 0.1
2020.301.19:53:00 349 22 5.7 -0.0     -10 11 10.2 0.1
2020.301.19:54:00 346 58 38.2 -0.0     -11 14 25.3 0.1
2020.301.19:55:00 344 23 42.2 -0.0     -12 16 26.8 0.1
2020.301.19:56:00 341 36 25.0 -0.0     -13 18 31.5 0.1
2020.301.19:57:00 338 38 54.6 -0.0     -14 18 3.2 0.1
2020.301.19:58:00 335 26 21.4 -0.0     -15 19 34.2 0.1
2020.301.19:59:00 332  1 2.5 -0.1     -16 20 46.0 0.1
