# ARO Control file - Authors Michael and Abdul. Satellite :GPS BIIR-2  (PRN 13)    
2021.012.19:30:00  329 04 49.9 -0.045265 -64 01  55.6  0.030804
2021.012.19:35:00  329 58 46.6 -0.038012 -63 38  52.4  0.026902
2021.012.19:40:00  330 49 02.0 -0.031809 -61 15  24.2  0.023132
2021.012.19:45:00  331 38 45.4 -0.026484 -60 54  30.5  0.019489
2021.012.19:50:00  332 24 04.0 -0.021898 -58 32  11.1  0.015969
2021.012.19:55:00  333 08 03.1 -0.017939 -56 11  25.7  0.012562
2021.012.20:00:00  333 50 46.7 -0.014515 -55 51  13.9  0.009257
2021.012.20:05:00  334 29 17.6 -0.011548 -53 32  35.2  0.006040
2021.012.20:10:00  335 07 37.9 -0.008975 -51 12  29.2  0.002897
2021.012.20:15:00  335 42 48.6 -0.006740 -50 54  55.4 -0.000192
2021.012.20:20:00  336 15 50.3 -0.004797 -48 36  53.0 -0.003247
2021.012.20:25:00  336 46 43.0 -0.003105 -46 18  21.4 -0.006288
2021.012.20:30:00  337 14 26.2 -0.001628 -44 01  19.8 -0.009338
2021.012.20:35:00  337 41 58.8 -0.000334 -43 45  47.2 -0.012422
2021.012.20:40:00  338 05 19.5  0.000804 -41 29  42.6 -0.015564
2021.012.20:45:00  338 27 26.5  0.001811 -39 13  04.8 -0.018788
2021.012.20:50:00  338 47 17.5  0.002711 -38 58  52.4 -0.022121
2021.012.20:55:00  339 05 50.1  0.003524 -36 43  04.0 -0.025585
2021.012.21:00:00  339 20 01.4  0.004271 -34 29  37.7 -0.029206
2021.012.21:05:00  339 33 48.0  0.004968 -32 15  31.8 -0.033004
2021.012.21:10:00  339 43 06.4  0.005633 -30 01  43.9 -0.037002
2021.012.21:15:00  339 51 52.7  0.006282 -29 47  11.7 -0.041217
2021.012.21:20:00  339 56 02.5  0.006931 -27 34  52.4 -0.045665
2021.012.21:25:00  339 59 31.3  0.007594 -25 21  42.9 -0.050359
2021.012.21:30:00  339 58 13.9  0.008287 -23 08  39.9 -0.055310
2021.012.21:35:00  339 55 04.9  0.009024 -22 55  39.6 -0.060521
2021.012.21:40:00  339 49 58.7  0.009818 -20 42  37.6 -0.065994
2021.012.21:45:00  339 40 49.1  0.010684 -18 28  29.2 -0.071726
2021.012.21:50:00  339 27 29.6  0.011636 -16 15  09.2 -0.077708
2021.012.21:55:00  339 12 53.3  0.012688 -14 02  31.7 -0.083926
2021.012.22:00:00  338 53 52.9  0.013853 -13 48  30.3 -0.090361
2021.012.22:05:00  338 30 21.0  0.015146 -11 33  57.8 -0.096986
2021.012.22:10:00  338 04 09.7  0.016580 -09 18  46.4 -0.103772
2021.012.22:15:00  337 34 10.8  0.018168 -07 02  47.5 -0.110680
2021.012.22:20:00  337 00 15.9  0.019923 -06 45  51.4 -0.117670
2021.012.22:25:00  336 22 16.5  0.021858 -04 27  48.0 -0.124692
2021.012.22:30:00  335 40 03.9  0.023984 -02 07  25.8 -0.131694
2021.012.22:35:00  334 53 29.6  0.026310 -01 47  32.7 -0.138619
2021.012.22:40:00  334 02 25.1  0.028847  00 24  55.3 -0.145405
2021.012.22:45:00  333 07 42.2  0.031598  01 59  19.4 -0.151988
2021.012.22:50:00  332 06 13.1  0.034569  03 32  29.8 -0.158302
2021.012.22:55:00  331 01 50.8  0.037759  05 03  09.9 -0.164280
2021.012.23:00:00  329 50 29.2  0.041164  06 31  02.7 -0.169854
2021.012.23:05:00  328 35 03.3  0.044775  07 56  49.9 -0.174958
2021.012.23:10:00  327 14 29.6  0.048576  09 17  12.4 -0.179529
2021.012.23:15:00  325 49 46.4  0.052547  10 35  50.8 -0.183509
2021.012.23:20:00  324 18 54.1  0.056658  11 48  24.7 -0.186844
2021.012.23:25:00  322 42 55.6  0.060872  12 58  33.8 -0.189486
2021.012.23:30:00  321 01 56.5  0.065146  14 02  57.7 -0.191398
2021.012.23:35:00  319 15 05.5  0.069427  15 01  16.1 -0.192549
2021.012.23:40:00  317 25 34.6  0.073654  15 55  09.7 -0.192918
2021.012.23:45:00  315 30 38.9  0.077760  16 43  19.9 -0.192497
2021.012.23:50:00  313 31 37.4  0.081674  17 25  29.6 -0.191286
2021.012.23:55:00  311 28 52.2  0.085321  18 01  23.5 -0.189297
2021.013.00:00:00  309 22 48.5  0.088625  18 31  48.5 -0.186552
2021.013.00:05:00  307 13 54.4  0.091513  18 54  34.1 -0.183082
2021.013.00:10:00  305 02 40.2  0.093917  19 10  32.5 -0.178930
2021.013.00:15:00  302 49 37.8  0.095777  19 19  39.1 -0.174143
2021.013.00:20:00  300 34 20.2  0.097043  19 21  52.6 -0.168777
2021.013.00:25:00  298 19 20.4  0.097679  19 16  14.9 -0.162894
2021.013.00:30:00  296 04 10.6  0.097661  19 05  51.2 -0.156556
2021.013.00:35:00  293 49 22.1  0.096980  18 47  50.1 -0.149831
2021.013.00:40:00  291 35 23.5  0.095643  18 22  23.0 -0.142783
2021.013.00:45:00  289 23 41.1  0.093668  17 52  43.9 -0.135479
2021.013.00:50:00  287 12 38.0  0.091084  17 15  09.5 -0.127979
2021.013.00:55:00  285 03 33.9  0.087933  16 33  58.3 -0.120344
2021.013.01:00:00  282 56 44.8  0.084259  15 46  30.4 -0.112626
2021.013.01:05:00  280 51 23.1  0.080115  14 53  07.1 -0.104873
2021.013.01:10:00  278 50 37.6  0.075554  13 56  10.8 -0.097127
2021.013.01:15:00  276 51 33.7  0.070630  12 55  04.2 -0.089423
2021.013.01:20:00  274 54 13.8  0.065397  11 50  10.2 -0.081791
2021.013.01:25:00  273 01 37.3  0.059905  10 42  51.6 -0.074252
2021.013.01:30:00  271 10 41.2  0.054202  09 31  31.1 -0.066823
2021.013.01:35:00  269 21 20.1  0.048331  08 17  30.7 -0.059516
2021.013.01:40:00  267 35 26.9  0.042331  07 00  11.8 -0.052334
2021.013.01:45:00  265 52 52.8  0.036238  05 42  55.2 -0.045280
2021.013.01:50:00  264 10 28.1  0.030082  04 22  00.9 -0.038350
2021.013.01:55:00  262 31 01.5  0.023889  03 01  48.0 -0.031539
2021.013.02:00:00  260 53 21.4  0.017685  01 39  34.8 -0.024838
2021.013.02:05:00  259 17 15.5  0.011487  00 16  38.7 -0.018237
2021.013.02:10:00  257 43 31.0  0.005315 -01 52  16.4 -0.011724
2021.013.02:15:00  256 09 54.9 -0.000816 -02 29  44.0 -0.005287
2021.013.02:20:00  254 36 14.3 -0.006892 -03 05  16.6  0.001086
2021.013.02:25:00  253 04 15.9 -0.012901 -05 42  08.9  0.007408
2021.013.02:30:00  251 33 47.0 -0.018831 -06 20  34.8  0.013688
2021.013.02:35:00  250 02 34.8 -0.024670 -08 58  47.9  0.019937
2021.013.02:40:00  248 30 26.8 -0.030407 -09 37  01.3  0.026164
2021.013.02:45:00  246 59 11.1 -0.036030 -10 17  27.6  0.032376
2021.013.02:50:00  245 28 35.9 -0.041527 -12 59  19.1  0.038578
2021.013.02:55:00  243 56 30.3 -0.046883 -13 43  48.0  0.044774
2021.013.03:00:00  242 23 43.8 -0.052084 -14 28  06.0  0.050964
2021.013.03:05:00  240 49 06.7 -0.057115 -15 15  24.7  0.057148
2021.013.03:10:00  239 14 29.9 -0.061957 -16 05  55.7  0.063323
2021.013.03:15:00  237 39 45.4 -0.066591 -18 57  50.3  0.069485
2021.013.03:20:00  236 02 46.1 -0.070997 -19 51  19.6  0.075626
2021.013.03:25:00  234 23 26.2 -0.075153 -20 49  34.8  0.081738
2021.013.03:30:00  232 44 40.6 -0.079036 -21 49  46.8  0.087810
2021.013.03:35:00  231 02 26.2 -0.082621 -22 52  06.4  0.093829
2021.013.03:40:00  229 20 40.7 -0.085884 -23 59  44.2  0.099782
2021.013.03:45:00  227 35 23.7 -0.088799 -23 09  50.7  0.105652
2021.013.03:50:00  225 50 36.3 -0.091343 -24 23  36.0  0.111423
2021.013.03:55:00  224 02 21.2 -0.093492 -25 40  09.9  0.117075
2021.013.04:00:00  222 14 43.1 -0.095225 -25 02  41.8  0.122589
2021.013.04:05:00  220 24 48.2 -0.096525 -26 27  20.7  0.127945
2021.013.04:10:00  218 33 44.4 -0.097376 -27 57  14.8  0.133121
2021.013.04:15:00  216 41 41.5 -0.097768 -27 32  31.8  0.138094
2021.013.04:20:00  214 48 50.8 -0.097697 -27 10  18.8  0.142842
2021.013.04:25:00  212 54 24.9 -0.097162 -28 54  41.8  0.147341
2021.013.04:30:00  211 01 37.9 -0.096171 -28 42  46.0  0.151569
2021.013.04:35:00  209 07 44.8 -0.094737 -28 35  35.8  0.155503
2021.013.04:40:00  207 13 01.5 -0.092879 -28 32  14.2  0.159119
2021.013.04:45:00  205 20 44.3 -0.090623 -28 35  43.7  0.162396
2021.013.04:50:00  203 27 09.8 -0.088000 -28 42  05.2  0.165311
2021.013.04:55:00  201 36 34.5 -0.085046 -28 54  18.8  0.167844
2021.013.05:00:00  199 45 14.6 -0.081800 -27 11  23.6  0.169976
2021.013.05:05:00  197 56 25.6 -0.078305 -27 33  17.7  0.171688
2021.013.05:10:00  196 09 22.0 -0.074606 -27 60  58.2  0.172964
2021.013.05:15:00  194 24 17.4 -0.070747 -26 31  21.2  0.173790
2021.013.05:20:00  192 41 23.8 -0.066773 -25 07  22.4  0.174152
2021.013.05:25:00  191 01 52.2 -0.062727 -25 48  56.5  0.174041
2021.013.05:30:00  189 23 51.5 -0.058648 -24 33  57.7  0.173448
2021.013.05:35:00  187 47 29.4 -0.054576 -23 22  19.9  0.172369
2021.013.05:40:00  186 15 51.8 -0.050545 -22 16  56.2  0.170802
2021.013.05:45:00  184 45 03.2 -0.046584 -21 14  40.0  0.168746
2021.013.05:50:00  183 18 06.3 -0.042721 -20 15  24.0  0.166208
2021.013.05:55:00  181 54 02.5 -0.038979 -19 21  01.1  0.163193
2021.013.06:00:00  180 33 51.7 -0.035374 -18 30  24.0  0.159713
2021.013.06:05:00  179 15 32.5 -0.031924 -17 43  25.5  0.155782
2021.013.06:10:00  177 59 02.4 -0.028639 -16 60  58.7  0.151420
2021.013.06:15:00  176 46 17.5 -0.025528 -14 20  56.4  0.146647
2021.013.06:20:00  175 36 13.4 -0.022598 -13 43  12.0  0.141488
2021.013.06:25:00  174 29 44.3 -0.019850 -11 10  38.8  0.135974
2021.013.06:30:00  173 24 43.8 -0.017288 -10 39  10.4  0.130136
2021.013.06:35:00  172 21 04.7 -0.014910 -08 12  40.8  0.124009
2021.013.06:40:00  171 21 39.2 -0.012716 -07 47  04.0  0.117632
2021.013.06:45:00  170 22 18.5 -0.010704 -05 25  14.3  0.111046
2021.013.06:50:00  169 26 53.7 -0.008870 -03 06  06.2  0.104294
2021.013.06:55:00  168 31 14.8 -0.007212 -02 50  34.3  0.097421
2021.013.07:00:00  167 38 11.5 -0.005727 -00 36  33.4  0.090473
2021.013.07:05:00  166 47 32.6 -0.004411  01 24  58.6  0.083497
2021.013.07:10:00  165 56 06.6 -0.003263  03 15  44.7  0.076539
2021.013.07:15:00  165 07 40.9 -0.002282  05 08  46.7  0.069644
2021.013.07:20:00  164 18 02.2 -0.001465  07 03  59.7  0.062857
2021.013.07:25:00  163 30 56.6 -0.000816  09 00  18.4  0.056219
2021.013.07:30:00  162 42 08.7 -0.000335  10 60  37.6  0.049766
2021.013.07:35:00  161 54 22.4 -0.000029  13 01  51.7  0.043533
2021.013.07:40:00  161 06 19.8  0.000095  15 04  54.6  0.037546
2021.013.07:45:00  160 18 41.8  0.000028  17 09  40.1  0.031826
2021.013.07:50:00  159 28 07.3 -0.000245  19 15  01.0  0.026387
2021.013.07:55:00  158 37 13.2 -0.000743  21 23  49.7  0.021235
2021.013.08:00:00  157 45 33.8 -0.001490  23 32  57.6  0.016365
2021.013.08:05:00  156 50 40.5 -0.002517  25 42  15.0  0.011764
2021.013.08:10:00  155 52 01.6 -0.003863  27 54  30.8  0.007411
2021.013.08:15:00  154 51 01.1 -0.005577  30 06  32.7  0.003271
2021.013.08:20:00  153 46 58.7 -0.007720  32 18  06.3 -0.000696
2021.013.08:25:00  152 36 08.6 -0.010369  34 31  55.1 -0.004543
2021.013.08:30:00  151 21 39.1 -0.013619  36 44  40.0 -0.008328
2021.013.08:35:00  149 59 31.1 -0.017584  38 56  59.1 -0.012118
2021.013.08:40:00  148 29 37.9 -0.022406  41 07  26.5 -0.015982
2021.013.08:45:00  146 50 43.9 -0.028259  43 18  32.5 -0.019995
2021.013.08:50:00  145 00 23.6 -0.035347  45 26  42.0 -0.024231
2021.013.08:55:00  142 59 02.0 -0.043914  47 31  14.3 -0.028762
2021.013.09:00:00  140 44 54.5 -0.054235  49 33  21.5 -0.033654
2021.013.09:05:00  138 13 08.7 -0.066615  51 31  08.3 -0.038967
2021.013.09:10:00  135 25 48.0 -0.081364  53 24  30.3 -0.044750
2021.013.09:15:00  132 17 59.0 -0.098758  55 09  13.5 -0.051036
2021.013.09:20:00  128 48 01.9 -0.118980  56 47  54.6 -0.057845
2021.013.09:25:00  124 57 46.6 -0.142022  58 15  00.9 -0.065180
2021.013.09:30:00  120 43 54.2 -0.167574  59 32  53.7 -0.073021
2021.013.09:35:00  116 07 20.5 -0.194907  60 36  51.8 -0.081334
2021.013.09:40:00  111 13 38.4 -0.222818  61 25  19.0 -0.090062
2021.013.09:45:00  106 03 09.3 -0.249685  61 59  52.7 -0.099132
2021.013.09:50:00  100 45 56.2 -0.273692  62 16  33.2 -0.108453
2021.013.09:55:00  095 25 12.9 -0.293175  62 15  52.5 -0.117923
2021.013.10:00:00  090 12 34.4 -0.306988  61 57  58.0 -0.127426
2021.013.10:05:00  085 11 00.2 -0.314726  61 23  32.0 -0.136841
2021.013.10:10:00  080 29 08.8 -0.316718  60 33  45.5 -0.146041
2021.013.10:15:00  076 10 53.1 -0.313836  59 29  09.5 -0.154901
2021.013.10:20:00  072 15 19.3 -0.307213  58 13  25.1 -0.163300
2021.013.10:25:00  068 46 01.8 -0.298000  56 47  15.2 -0.171124
2021.013.10:30:00  065 41 26.4 -0.287206  55 12  18.3 -0.178268
2021.013.10:35:00  063 00 14.4 -0.275629  53 30  04.8 -0.184643
2021.013.10:40:00  060 41 42.0 -0.263850  51 42  55.3 -0.190173
2021.013.10:45:00  058 41 55.0 -0.252261  49 49  60.0 -0.194800
2021.013.10:50:00  056 59 58.6 -0.241109  47 52  19.3 -0.198482
2021.013.10:55:00  055 33 03.5 -0.230530  45 53  44.9 -0.201196
2021.013.11:00:00  054 21 29.0 -0.220588  43 51  00.3 -0.202935
2021.013.11:05:00  053 23 44.0 -0.211294  41 48  42.4 -0.203707
2021.013.11:10:00  052 35 27.5 -0.202630  39 43  22.2 -0.203538
2021.013.11:15:00  051 58 28.1 -0.194559  37 38  25.8 -0.202464
2021.013.11:20:00  051 31 42.9 -0.187032  35 33  14.9 -0.200534
2021.013.11:25:00  051 11 17.2 -0.179998  33 28  08.0 -0.197805
2021.013.11:30:00  050 59 22.9 -0.173404  31 23  20.4 -0.194344
2021.013.11:35:00  050 54 18.2 -0.167198  29 19  04.7 -0.190220
2021.013.11:40:00  050 55 26.4 -0.161331  27 16  31.7 -0.185507
2021.013.11:45:00  051 02 15.4 -0.155757  25 13  50.0 -0.180281
2021.013.11:50:00  051 14 17.0 -0.150433  23 11  06.9 -0.174616
2021.013.11:55:00  051 31 06.3 -0.145321  21 10  28.2 -0.168586
2021.013.12:00:00  051 52 21.4 -0.140383  19 11  58.6 -0.162261
2021.013.12:05:00  052 18 42.8 -0.135587  17 13  42.0 -0.155708
2021.013.12:10:00  052 47 53.4 -0.130904  15 16  41.1 -0.148989
2021.013.12:15:00  053 20 37.6 -0.126306  13 20  58.2 -0.142161
2021.013.12:20:00  053 56 41.6 -0.121769  11 26  34.8 -0.135274
2021.013.12:25:00  054 35 53.1 -0.117270  09 33  31.9 -0.128372
2021.013.12:30:00  055 17 00.9 -0.112789  07 41  50.0 -0.121494
2021.013.12:35:00  056 02 54.7 -0.108306  05 50  29.3 -0.114672
2021.013.12:40:00  056 49 25.4 -0.103807  04 01  29.6 -0.107931
2021.013.12:45:00  057 39 24.5 -0.099275  02 14  50.3 -0.101292
2021.013.12:50:00  058 32 44.3 -0.094697  00 28  30.7 -0.094769
2021.013.12:55:00  059 26 17.5 -0.090061 -01 42  29.9 -0.088372
2021.013.13:00:00  060 23 57.5 -0.085356 -03 59  46.6 -0.082103
2021.013.13:05:00  061 22 38.3 -0.080572 -04 16  19.4 -0.075965
2021.013.13:10:00  062 22 13.9 -0.075702 -06 35  07.0 -0.069954
2021.013.13:15:00  063 25 38.9 -0.070739 -08 55  07.6 -0.064062
2021.013.13:20:00  064 29 48.3 -0.065676 -09 16  19.6 -0.058281
2021.013.13:25:00  065 35 37.2 -0.060508 -11 39  41.1 -0.052598
2021.013.13:30:00  066 42 00.9 -0.055233 -12 02  10.2 -0.047002
2021.013.13:35:00  067 51 55.0 -0.049846 -14 27  44.8 -0.041477
2021.013.13:40:00  069 01 15.3 -0.044346 -16 52  23.1 -0.036009
2021.013.13:45:00  070 13 57.7 -0.038733 -17 19  02.8 -0.030584
2021.013.13:50:00  071 26 58.1 -0.033005 -19 47  41.8 -0.025185
2021.013.13:55:00  072 40 12.8 -0.027165 -20 15  17.9 -0.019799
2021.013.14:00:00  073 56 38.1 -0.021214 -22 45  48.9 -0.014414
2021.013.14:05:00  075 12 10.2 -0.015154 -23 15  12.6 -0.009017
2021.013.14:10:00  076 30 45.7 -0.008988 -25 46  26.6 -0.003599
2021.013.14:15:00  077 48 21.0 -0.002721 -26 18  28.7  0.001850
2021.013.14:20:00  079 08 52.8  0.003643 -28 51  16.5  0.007334
2021.013.14:25:00  080 28 17.7  0.010100 -29 25  47.7  0.012858
2021.013.14:30:00  081 50 32.4  0.016643 -31 59  59.9  0.018424
2021.013.14:35:00  083 12 33.7  0.023267 -32 34  50.9  0.024031
2021.013.14:40:00  084 34 18.6  0.029966 -33 09  18.3  0.029676
2021.013.14:45:00  085 58 43.8  0.036734 -35 45  19.6  0.035352
2021.013.14:50:00  087 22 46.3  0.043563 -36 22  52.7  0.041053
2021.013.14:55:00  088 46 23.3  0.050449 -38 59  55.0  0.046767
2021.013.15:00:00  090 12 31.9  0.057385 -39 36  24.4  0.052482
2021.013.15:05:00  091 37 09.2  0.064365 -40 14  18.5  0.058183
2021.013.15:10:00  093 03 12.5  0.071383 -42 53  35.1  0.063854
2021.013.15:15:00  094 30 39.4  0.078436 -43 31  11.8  0.069477
2021.013.15:20:00  095 56 27.3  0.085520 -44 10  06.3  0.075030
2021.013.15:25:00  097 24 33.8  0.092631 -46 49  16.6  0.080494
2021.013.15:30:00  098 51 56.8  0.099769 -47 29  40.4  0.085846
2021.013.15:35:00  100 19 34.3  0.106932 -48 08  15.6  0.091063
2021.013.15:40:00  101 46 24.5  0.114124 -50 48  60.0  0.096120
2021.013.15:45:00  103 14 25.7  0.121347 -51 28  51.5  0.100995
2021.013.15:50:00  104 43 36.6  0.128608 -52 08  48.2  0.105663
2021.013.15:55:00  106 11 56.3  0.135916 -54 48  48.1  0.110101
2021.013.16:00:00  107 39 23.9  0.143282 -55 28  49.2  0.114285
2021.013.16:05:00  109 08 59.4  0.150723 -56 08  49.7  0.118194
2021.013.16:10:00  110 37 43.0  0.158259 -58 48  47.6  0.121806
2021.013.16:15:00  112 06 35.6  0.165916 -59 28  41.4  0.125101
2021.013.16:20:00  113 35 38.8  0.173726 -60 07  29.2  0.128062
2021.013.16:25:00  115 04 55.2  0.181728 -62 47  09.4  0.130672
2021.013.16:30:00  116 33 28.7  0.189972 -63 27  40.4  0.132915
2021.013.16:35:00  118 03 24.3  0.198518 -64 06  00.8  0.134781
2021.013.16:40:00  119 34 49.3  0.207439 -66 45  09.1  0.136259
2021.013.16:45:00  121 05 53.0  0.216827 -67 24  04.0  0.137342
2021.013.16:50:00  122 37 48.4  0.226796 -68 03  44.3  0.138024
2021.013.16:55:00  124 10 52.5  0.237486 -70 41  08.8  0.138303
2021.013.17:00:00  125 44 28.5  0.249074 -71 19  16.4  0.138180
2021.013.17:05:00  127 21 08.1  0.261786 -73 57  06.5  0.137657
2021.013.17:10:00  129 01 35.2  0.275907 -74 35  38.3  0.136740
2021.013.17:15:00  130 44 52.1  0.291803 -75 12  51.4  0.135437
2021.013.17:20:00  132 32 29.7  0.309943 -77 49  45.8  0.133758
2021.013.17:25:00  134 29 44.7  0.330921 -78 25  22.2  0.131717
2021.013.17:30:00  136 36 12.3  0.355450 -79 02  42.0  0.129330
2021.013.17:35:00  139 01 49.8  0.384252 -81 38  48.4  0.126613
2021.013.17:40:00  141 53 14.6  0.417505 -82 14  48.1  0.123587
2021.013.17:45:00  145 34 16.4  0.452485 -84 50  54.8  0.120272
2021.013.17:50:00  150 51 33.8  0.472564 -85 27  40.7  0.116692
2021.013.17:55:00  159 49 34.1  0.384514 -86 06  37.6  0.112870
2021.013.18:00:00  179 51 16.5 -0.442449 -88 53  43.2  0.108833
2021.013.18:05:00  231 42 47.9 -3.752766 -88 18  13.8  0.104606
2021.013.18:10:00  278 38 10.9 -2.590145 -87 02  19.8  0.100216
2021.013.18:15:00  296 12 50.5 -1.341060 -86 19  46.6  0.095690
2021.013.18:20:00  304 20 52.2 -0.820162 -85 43  55.1  0.091055
2021.013.18:25:00  309 11 36.2 -0.560848 -83 10  55.3  0.086338
2021.013.18:30:00  312 33 54.7 -0.410583 -82 38  28.8  0.081565
2021.013.18:35:00  315 08 11.7 -0.314059 -80 08  06.7  0.076761
2021.013.18:40:00  317 15 20.3 -0.247468 -79 39  36.1  0.071951
2021.013.18:45:00  319 04 06.8 -0.199107 -77 10  50.6  0.067157
2021.013.18:50:00  320 40 04.1 -0.162616 -76 42  46.5  0.062402
2021.013.18:55:00  322 07 34.4 -0.134266 -74 14  21.8  0.057705
2021.013.19:00:00  323 26 47.3 -0.111735 -73 48  35.1  0.053083
2021.013.19:05:00  324 39 09.4 -0.093502 -71 21  25.5  0.048553
2021.013.19:10:00  325 48 40.9 -0.078534 -70 56  52.4  0.044127
2021.013.19:15:00  326 52 04.3 -0.066101 -68 31  55.5  0.039816
2021.013.19:20:00  327 53 50.6 -0.055676 -66 07  34.3  0.035629
2021.013.19:25:00  328 50 22.8 -0.046867 -65 43  48.6  0.031570
2021.013.19:30:00  329 45 58.1 -0.039378 -63 20  38.0  0.027643
2021.013.19:35:00  330 37 49.5 -0.032978 -62 57  02.4  0.023847
2021.013.19:40:00  331 26 06.9 -0.027487 -60 35  01.5  0.020181
2021.013.19:45:00  332 13 57.9 -0.022760 -58 14  35.0  0.016637
2021.013.19:50:00  332 57 28.1 -0.018681 -57 53  42.5  0.013209
2021.013.19:55:00  333 40 41.8 -0.015154 -55 32  23.7  0.009885
