#ARO CONTROL FILE
2021.012.15:30:00  036 41 49.1  0.011148  02 55  14.2  0.019884
2021.012.15:30:05  036 13 00.0  0.012180  02 45  39.2  0.021469
2021.012.15:30:10  035 45 09.5  0.013187  02 34  05.1  0.023040
2021.012.15:30:15  035 17 16.9  0.014171  02 24  31.7  0.024597
2021.012.15:30:20  034 49 21.4  0.015130  02 13  58.9  0.026142
2021.012.15:30:25  034 21 22.3  0.016066  02 02  26.4  0.027673
2021.012.15:30:30  033 53 18.9  0.016978  01 52  54.1  0.029192
2021.012.15:30:35  033 25 10.5  0.017866  01 41  21.8  0.030699
2021.012.15:30:40  032 57 56.3  0.018731  01 31  49.2  0.032194
2021.012.15:30:45  032 29 35.6  0.019572  01 20  16.2  0.033678
2021.012.15:30:50  032 00 07.6  0.020389  01 10  42.5  0.035150
2021.012.15:30:55  031 32 31.5  0.021183  00 59  08.1  0.036611
2021.012.15:31:00  031 03 46.5  0.021953  00 49  32.5  0.038062
2021.012.15:31:05  030 34 51.8  0.022700  00 38  55.8  0.039502
2021.012.15:31:10  030 05 46.6  0.023422  00 27  17.6  0.040932
2021.012.15:31:15  029 36 30.0  0.024120  00 17  37.8  0.042353
2021.012.15:31:20  029 06 01.2  0.024794  00 06  56.0  0.043763
2021.012.15:31:25  028 36 19.2  0.025443  00 55  12.2  0.045164
2021.012.15:31:30  028 06 23.1  0.026067  00 44  26.1  0.046556
2021.012.15:31:35  027 36 12.1  0.026665  00 34  37.5  0.047939
2021.012.15:31:40  027 06 45.0  0.027237  00 23  46.1  0.049313
2021.012.15:31:45  026 35 01.0  0.027783  00 12  51.7  0.050679
