#ARO
2021.012.19:30:00  190 55 56.0  0.049243  02 12  50.4 -0.145257
2021.012.19:30:05  190 54 46.0  0.049188  02 09  20.3 -0.145335
2021.012.19:30:10  190 53 36.2  0.049134  02 07  50.0 -0.145413
2021.012.19:30:15  190 51 26.5  0.049079  02 04  19.7 -0.145490
2021.012.19:30:20  190 50 16.8  0.049025  02 02  49.3 -0.145568
2021.012.19:30:25  190 49 07.4  0.048970  01 59  18.8 -0.145646
2021.012.19:30:30  190 48 58.0  0.048916  01 57  48.1 -0.145723
2021.012.19:30:35  190 47 48.7  0.048861  01 54  17.4 -0.145800
2021.012.19:30:40  190 46 39.6  0.048807  01 52  46.6 -0.145878
2021.012.19:30:45  190 45 30.6  0.048753  01 49  15.7 -0.145955
2021.012.19:30:50  190 43 21.7  0.048698  01 47  44.7 -0.146032
2021.012.19:30:55  190 42 13.0  0.048644  01 44  13.6 -0.146109
2021.012.19:31:00  190 41 04.4  0.048590  01 42  42.4 -0.146185
2021.012.19:31:05  190 40 55.8  0.048536  01 39  11.1 -0.146262
2021.012.19:31:10  190 39 47.4  0.048482  01 37  39.7 -0.146339
2021.012.19:31:15  190 38 39.2  0.048428  01 34  08.2 -0.146415
2021.012.19:31:20  190 37 31.0  0.048374  01 32  36.6 -0.146491
2021.012.19:31:25  190 35 23.0  0.048320  01 29  04.9 -0.146568
2021.012.19:31:30  190 34 15.1  0.048266  01 27  33.1 -0.146644
2021.012.19:31:35  190 33 07.3  0.048212  01 24  01.2 -0.146720
2021.012.19:31:40  190 32 59.6  0.048158  01 21  29.2 -0.146795
2021.012.19:31:45  190 31 52.1  0.048104  01 19  57.2 -0.146871
2021.012.19:31:50  190 30 44.7  0.048051  01 16  25.0 -0.146947
2021.012.19:31:55  190 29 37.4  0.047997  01 14  52.7 -0.147022
2021.012.19:32:00  190 28 30.2  0.047943  01 11  20.4 -0.147098
2021.012.19:32:05  190 26 23.1  0.047890  01 09  47.9 -0.147173
2021.012.19:32:10  190 25 16.2  0.047836  01 06  15.4 -0.147248
2021.012.19:32:15  190 24 09.4  0.047783  01 04  42.7 -0.147323
2021.012.19:32:20  190 23 02.7  0.047729  01 01  10.0 -0.147398
2021.012.19:32:25  190 22 56.1  0.047676  00 59  37.2 -0.147472
2021.012.19:32:30  190 21 49.7  0.047623  00 56  04.2 -0.147547
2021.012.19:32:35  190 20 43.3  0.047569  00 54  31.2 -0.147621
2021.012.19:32:40  190 19 37.1  0.047516  00 51  58.1 -0.147696
2021.012.19:32:45  190 18 31.0  0.047463  00 48  24.9 -0.147770
2021.012.19:32:50  190 16 25.1  0.047410  00 46  51.6 -0.147844
2021.012.19:32:55  190 15 19.2  0.047356  00 43  18.2 -0.147918
2021.012.19:33:00  190 14 13.5  0.047303  00 41  44.7 -0.147992
2021.012.19:33:05  190 13 07.9  0.047250  00 38  11.2 -0.148065
2021.012.19:33:10  190 12 02.4  0.047197  00 36  37.5 -0.148139
2021.012.19:33:15  190 11 57.0  0.047144  00 33  03.7 -0.148212
2021.012.19:33:20  190 10 51.7  0.047091  00 30  29.9 -0.148285
2021.012.19:33:25  190 09 46.6  0.047039  00 28  55.9 -0.148359
2021.012.19:33:30  190 08 41.6  0.046986  00 25  21.9 -0.148432
2021.012.19:33:35  190 07 36.7  0.046933  00 23  47.8 -0.148504
2021.012.19:33:40  190 06 31.9  0.046880  00 20  13.6 -0.148577
2021.012.19:33:45  190 04 27.3  0.046828  00 18  39.2 -0.148650
2021.012.19:33:50  190 03 22.7  0.046775  00 15  04.8 -0.148722
2021.012.19:33:55  190 02 18.3  0.046722  00 13  30.4 -0.148794
2021.012.19:34:00  190 01 14.0  0.046670  00 10  55.8 -0.148866
2021.012.19:34:05  190 00 09.8  0.046617  00 07  21.1 -0.148938
2021.012.19:34:10  189 59 05.8  0.046565  00 05  46.3 -0.149010
2021.012.19:34:15  189 58 01.8  0.046513  00 02  11.5 -0.149082