
 UTC	 AZ (Deg) EL Deg AZ-Vel (deg/sec) El-Vel (deg/sec) Range (km) Doppler KHz Level dBm
2021-012-19:30:00 329.06 -64.98 -0.05  0.03  32406  179.288 -187 
2021-012-19:35:00 329.96 -63.37 -0.04  0.03  32301  162.823 -187 
2021-012-19:40:00 330.82 -61.74 -0.03  0.02  32190  145.604 -187 
2021-012-19:45:00 331.63 -60.11 -0.03  0.02  32074  127.696 -187 
2021-012-19:50:00 332.40 -58.46 -0.02  0.02  31951  109.169 -186 
2021-012-19:55:00 333.13 -56.81 -0.02  0.01  31822  90.098 -186 
2021-012-20:00:00 333.83 -55.15 -0.01  0.01  31687  70.563 -186 
2021-012-20:05:00 334.49 -53.47 -0.01  0.01  31547  50.648 -186 
2021-012-20:10:00 335.11 -51.79 -0.01  0.00  31401  30.442 -186 
2021-012-20:15:00 335.70 -50.10 -0.01 -0.00  31249  10.035 -186 
2021-012-20:20:00 336.25 -48.40 -0.00 -0.00  31092 -10.479 -186 
2021-012-20:25:00 336.76 -46.69 -0.00 -0.01  30930 -31.003 -186 
2021-012-20:30:00 337.24 -44.98 -0.00 -0.01  30763 -51.441 -186 
2021-012-20:35:00 337.68 -43.25 -0.00 -0.01  30590 -71.695 -186 
2021-012-20:40:00 338.09 -41.52  0.00 -0.02  30413 -91.666 -186 
2021-012-20:45:00 338.46 -39.78  0.00 -0.02  30232 -111.257 -186 
2021-012-20:50:00 338.79 -38.04  0.00 -0.02  30046 -130.370 -186 
2021-012-20:55:00 339.08 -36.28  0.00 -0.03  29857 -148.913 -186 
2021-012-21:00:00 339.33 -34.52  0.00 -0.03  29663 -166.792 -186 
2021-012-21:05:00 339.55 -32.76  0.00 -0.03  29466 -183.919 -186 
2021-012-21:10:00 339.72 -30.99  0.01 -0.04  29266 -200.209 -186 
2021-012-21:15:00 339.85 -29.21  0.01 -0.04  29063 -215.581 -186 
2021-012-21:20:00 339.93 -27.44  0.01 -0.05  28858 -229.960 -186 
2021-012-21:25:00 339.98 -25.65  0.01 -0.05  28650 -243.277 -186 
2021-012-21:30:00 339.97 -23.87  0.01 -0.06  28441 -255.468 -185 
2021-012-21:35:00 339.92 -22.09  0.01 -0.06  28231 -266.477 -185 
2021-012-21:40:00 339.82 -20.31  0.01 -0.07  28019 -276.254 -185 
2021-012-21:45:00 339.66 -18.53  0.01 -0.07  27807 -284.759 -185 
2021-012-21:50:00 339.46 -16.75  0.01 -0.08  27594 -291.959 -185 
2021-012-21:55:00 339.20 -14.97  0.01 -0.08  27382 -297.829 -185 
2021-012-22:00:00 338.88 -13.21  0.01 -0.09  27171 -302.352 -185 
2021-012-22:05:00 338.51 -11.45  0.02 -0.10  26961 -305.524 -185 
2021-012-22:10:00 338.07 -9.70  0.02 -0.10  26753 -307.347 -185 
2021-012-22:15:00 337.57 -7.97  0.02 -0.11  26547 -307.833 -185 
2021-012-22:20:00 337.00 -6.25  0.02 -0.12  26343 -307.003 -185 
2021-012-22:25:00 336.37 -4.55  0.02 -0.12  26143 -304.889 -185 
2021-012-22:30:00 335.67 -2.88  0.02 -0.13  25947 -301.531 -185 
2021-012-22:35:00 334.89 -1.22  0.03 -0.14  25755 -296.978 -185 
2021-012-22:40:00 334.04  0.40  0.03 -0.15  25568 -291.288 -185 
2021-012-22:45:00 333.11  1.99  0.03 -0.15  25387 -284.528 -184 
2021-012-22:50:00 332.10  3.54  0.03 -0.16  25211 -276.772 -184 
2021-012-22:55:00 331.01  5.05  0.04 -0.16  25042 -268.099 -184 
2021-012-23:00:00 329.84  6.52  0.04 -0.17  24880 -258.599 -184 
2021-012-23:05:00 328.58  7.93  0.04 -0.17  24725 -248.363 -184 
2021-012-23:10:00 327.24  9.29  0.05 -0.18  24578 -237.489 -184 
2021-012-23:15:00 325.81 10.58  0.05 -0.18  24440 -226.078 -184 
2021-012-23:20:00 324.30 11.81  0.06 -0.19  24310 -214.233 -184 
2021-012-23:25:00 322.70 12.96  0.06 -0.19  24190 -202.060 -184 
2021-012-23:30:00 321.02 14.03  0.07 -0.19  24079 -189.662 -184 
2021-012-23:35:00 319.25 15.02  0.07 -0.19  23979 -177.145 -184 
2021-012-23:40:00 317.41 15.92  0.07 -0.19  23889 -164.609 -184 
2021-012-23:45:00 315.49 16.72  0.08 -0.19  23810 -152.152 -184 
2021-012-23:50:00 313.51 17.42  0.08 -0.19  23742 -139.868 -184 
2021-012-23:55:00 311.46 18.02  0.09 -0.19  23685 -127.842 -184 
2021-013-00:00:00 309.36 18.51  0.09 -0.19  23639 -116.157 -184 
2021-013-00:05:00 307.22 18.89  0.09 -0.18  23605 -104.883 -184 
2021-013-00:10:00 305.03 19.16  0.09 -0.18  23583 -94.085 -184 
2021-013-00:15:00 302.81 19.31  0.10 -0.17  23572 -83.817 -184 
2021-013-00:20:00 300.57 19.35  0.10 -0.17  23573 -74.125 -184 
2021-013-00:25:00 298.32 19.27  0.10 -0.16  23585 -65.043 -184 
2021-013-00:30:00 296.07 19.08  0.10 -0.16  23609 -56.597 -184 
2021-013-00:35:00 293.82 18.78  0.10 -0.15  23643 -48.802 -184 
2021-013-00:40:00 291.59 18.37  0.10 -0.14  23689 -41.663 -184 
2021-013-00:45:00 289.38 17.86  0.09 -0.14  23746 -35.178 -184 
2021-013-00:50:00 287.19 17.25  0.09 -0.13  23813 -29.334 -184 
2021-013-00:55:00 285.04 16.55  0.09 -0.12  23890 -24.113 -184 
2021-013-01:00:00 282.93 15.76  0.08 -0.11  23976 -19.487 -184 
2021-013-01:05:00 280.86 14.89  0.08 -0.10  24072 -15.425 -184 
2021-013-01:10:00 278.83 13.94  0.08 -0.10  24176 -11.890 -184 
2021-013-01:15:00 276.84 12.92  0.07 -0.09  24289  -8.842 -184 
2021-013-01:20:00 274.90 11.84  0.07 -0.08  24410  -6.237 -184 
2021-013-01:25:00 273.01 10.70  0.06 -0.07  24537  -4.030 -184 
2021-013-01:30:00 271.16  9.51  0.05 -0.07  24672  -2.176 -184 
2021-013-01:35:00 269.36  8.28  0.05 -0.06  24812  -0.630 -184 
2021-013-01:40:00 267.59  7.00  0.04 -0.05  24958   0.653 -184 
2021-013-01:45:00 265.86  5.70  0.04 -0.05  25108   1.713 -184 
2021-013-01:50:00 264.17  4.37  0.03 -0.04  25263   2.590 -184 
2021-013-01:55:00 262.52  3.01  0.02 -0.03  25421   3.319 -184 
2021-013-02:00:00 260.89  1.64  0.02 -0.02  25582   3.931 -185 
2021-013-02:05:00 259.29  0.26  0.01 -0.02  25746   4.454 -185 
2021-013-02:10:00 257.71 -1.13  0.01 -0.01  25911   4.910 -185 
2021-013-02:15:00 256.15 -2.52 -0.00 -0.01  26078   5.317 -185 
2021-013-02:20:00 254.60 -3.91 -0.01  0.00  26245   5.686 -185 
2021-013-02:25:00 253.07 -5.30 -0.01  0.01  26412   6.026 -185 
2021-013-02:30:00 251.55 -6.67 -0.02  0.01  26578   6.338 -185 
2021-013-02:35:00 250.03 -8.04 -0.02  0.02  26744   6.621 -185 
2021-013-02:40:00 248.51 -9.38 -0.03  0.03  26907   6.868 -185 
2021-013-02:45:00 246.99 -10.71 -0.04  0.03  27068   7.067 -185 
2021-013-02:50:00 245.46 -12.01 -0.04  0.04  27227   7.203 -185 
2021-013-02:55:00 243.93 -13.29 -0.05  0.04  27382   7.258 -185 
2021-013-03:00:00 242.38 -14.53 -0.05  0.05  27533   7.210 -185 
2021-013-03:05:00 240.82 -15.74 -0.06  0.06  27680   7.035 -185 
2021-013-03:10:00 239.24 -16.92 -0.06  0.06  27822   6.705 -185 
2021-013-03:15:00 237.65 -18.05 -0.07  0.07  27959   6.194 -185 
2021-013-03:20:00 236.03 -19.14 -0.07  0.08  28090   5.473 -185 
2021-013-03:25:00 234.39 -20.19 -0.08  0.08  28216   4.511 -185 
2021-013-03:30:00 232.73 -21.19 -0.08  0.09  28335   3.279 -185 
2021-013-03:35:00 231.04 -22.13 -0.08  0.09  28447   1.749 -185 
2021-013-03:40:00 229.33 -23.02 -0.09  0.10  28553  -0.108 -186 
2021-013-03:45:00 227.59 -23.85 -0.09  0.11  28651  -2.316 -186 
2021-013-03:50:00 225.83 -24.62 -0.09  0.11  28741  -4.901 -186 
2021-013-03:55:00 224.04 -25.33 -0.09  0.12  28824  -7.884 -186 
2021-013-04:00:00 222.23 -25.97 -0.10  0.12  28898 -11.282 -186 
2021-013-04:05:00 220.40 -26.54 -0.10  0.13  28964 -15.110 -186 
2021-013-04:10:00 218.55 -27.05 -0.10  0.13  29022 -19.379 -186 
2021-013-04:15:00 216.68 -27.47 -0.10  0.14  29070 -24.095 -186 
2021-013-04:20:00 214.80 -27.83 -0.10  0.14  29110 -29.261 -186 
2021-013-04:25:00 212.91 -28.11 -0.10  0.15  29141 -34.874 -186 
2021-013-04:30:00 211.01 -28.30 -0.10  0.15  29162 -40.927 -186 
2021-013-04:35:00 209.11 -28.42 -0.09  0.16  29174 -47.405 -186 
2021-013-04:40:00 207.22 -28.46 -0.09  0.16  29177 -54.292 -186 
2021-013-04:45:00 205.33 -28.42 -0.09  0.16  29170 -61.563 -186 
2021-013-04:50:00 203.45 -28.30 -0.09  0.17  29154 -69.191 -186 
2021-013-04:55:00 201.59 -28.09 -0.09  0.17  29129 -77.140 -186 
2021-013-05:00:00 199.75 -27.81 -0.08  0.17  29093 -85.372 -186 
2021-013-05:05:00 197.94 -27.45 -0.08  0.17  29049 -93.843 -186 
2021-013-05:10:00 196.16 -27.00 -0.07  0.17  28995 -102.503 -186 
2021-013-05:15:00 194.40 -26.48 -0.07  0.17  28931 -111.298 -186 
2021-013-05:20:00 192.69 -25.88 -0.07  0.17  28859 -120.171 -186 
2021-013-05:25:00 191.01 -25.20 -0.06  0.17  28777 -129.059 -186 
2021-013-05:30:00 189.38 -24.45 -0.06  0.17  28686 -137.896 -186 
2021-013-05:35:00 187.79 -23.63 -0.05  0.17  28586 -146.613 -186 
2021-013-05:40:00 186.25 -22.73 -0.05  0.17  28477 -155.139 -185 
2021-013-05:45:00 184.75 -21.77 -0.05  0.17  28360 -163.400 -185 
2021-013-05:50:00 183.30 -20.74 -0.04  0.17  28234 -171.319 -185 
2021-013-05:55:00 181.90 -19.65 -0.04  0.16  28100 -178.821 -185 
2021-013-06:00:00 180.55 -18.49 -0.04  0.16  27959 -185.827 -185 
2021-013-06:05:00 179.24 -17.28 -0.03  0.16  27809 -192.260 -185 
2021-013-06:10:00 177.98 -16.00 -0.03  0.15  27653 -198.044 -185 
2021-013-06:15:00 176.77 -14.67 -0.03  0.15  27489 -203.103 -185 
2021-013-06:20:00 175.60 -13.28 -0.02  0.14  27319 -207.365 -185 
2021-013-06:25:00 174.48 -11.84 -0.02  0.14  27142 -210.760 -185 
2021-013-06:30:00 173.40 -10.35 -0.02  0.13  26959 -213.220 -185 
2021-013-06:35:00 172.35 -8.81 -0.01  0.12  26770 -214.683 -185 
2021-013-06:40:00 171.34 -7.22 -0.01  0.12  26576 -215.092 -185 
2021-013-06:45:00 170.37 -5.58 -0.01  0.11  26377 -214.394 -185 
2021-013-06:50:00 169.43 -3.90 -0.01  0.10  26174 -212.545 -185 
2021-013-06:55:00 168.52 -2.17 -0.01  0.10  25967 -209.506 -185 
2021-013-07:00:00 167.64 -0.41 -0.01  0.09  25756 -205.246 -185 
2021-013-07:05:00 166.78  1.40 -0.00  0.08  25542 -199.743 -185 
2021-013-07:10:00 165.94  3.25 -0.00  0.08  25325 -192.983 -184 
2021-013-07:15:00 165.11  5.13 -0.00  0.07  25107 -184.963 -184 
2021-013-07:20:00 164.30  7.05 -0.00  0.06  24886 -175.688 -184 
2021-013-07:25:00 163.50  9.01 -0.00  0.06  24665 -165.176 -184 
2021-013-07:30:00 162.70 10.99 -0.00  0.05  24444 -153.454 -184 
2021-013-07:35:00 161.91 13.01 -0.00  0.04  24222 -140.562 -184 
2021-013-07:40:00 161.11 15.07  0.00  0.04  24001 -126.548 -184 
2021-013-07:45:00 160.29 17.14  0.00  0.03  23782 -111.476 -184 
2021-013-07:50:00 159.47 19.25 -0.00  0.03  23564 -95.419 -184 
2021-013-07:55:00 158.62 21.38 -0.00  0.02  23349 -78.462 -184 
2021-013-08:00:00 157.74 23.53 -0.00  0.02  23137 -60.701 -184 
2021-013-08:05:00 156.83 25.70 -0.00  0.01  22929 -42.245 -184 
2021-013-08:10:00 155.87 27.89 -0.00  0.01  22725 -23.211 -184 
2021-013-08:15:00 154.85 30.09 -0.01  0.00  22526  -3.726 -183 
2021-013-08:20:00 153.77 32.30 -0.01 -0.00  22332  16.072 -183 
2021-013-08:25:00 152.60 34.52 -0.01 -0.00  22145  36.040 -183 
2021-013-08:30:00 151.34 36.73 -0.01 -0.01  21964  56.026 -183 
2021-013-08:35:00 149.98 38.93 -0.02 -0.01  21790  75.874 -183 
2021-013-08:40:00 148.48 41.12 -0.02 -0.02  21625  95.424 -183 
2021-013-08:45:00 146.83 43.29 -0.03 -0.02  21468  114.515 -183 
2021-013-08:50:00 145.01 45.43 -0.04 -0.02  21320  132.985 -183 
2021-013-08:55:00 142.98 47.52 -0.04 -0.03  21181  150.674 -183 
2021-013-09:00:00 140.73 49.56 -0.05 -0.03  21052  167.429 -183 
2021-013-09:05:00 138.22 51.52 -0.07 -0.04  20934  183.099 -183 
2021-013-09:10:00 135.41 53.39 -0.08 -0.04  20827  197.544 -183 
2021-013-09:15:00 132.28 55.15 -0.10 -0.05  20730  210.637 -183 
2021-013-09:20:00 128.80 56.78 -0.12 -0.06  20645  222.259 -183 
2021-013-09:25:00 124.95 58.25 -0.14 -0.07  20572  232.310 -183 
2021-013-09:30:00 120.72 59.53 -0.17 -0.07  20511  240.704 -183 
2021-013-09:35:00 116.12 60.60 -0.19 -0.08  20462  247.374 -183 
2021-013-09:40:00 111.21 61.42 -0.22 -0.09  20425  252.273 -183 
2021-013-09:45:00 106.05 61.98 -0.25 -0.10  20401  255.371 -183 
2021-013-09:50:00 100.75 62.26 -0.27 -0.11  20389  256.662 -183 
2021-013-09:55:00 95.42 62.25 -0.29 -0.12  20389  256.158 -183 
2021-013-10:00:00 90.19 61.95 -0.31 -0.13  20402  253.891 -183 
2021-013-10:05:00 85.18 61.38 -0.31 -0.14  20427  249.915 -183 
2021-013-10:10:00 80.49 60.55 -0.32 -0.15  20464  244.300 -183 
2021-013-10:15:00 76.16 59.49 -0.31 -0.15  20513  237.134 -183 
2021-013-10:20:00 72.26 58.22 -0.31 -0.16  20573  228.521 -183 
2021-013-10:25:00 68.77 56.79 -0.30 -0.17  20645  218.577 -183 
2021-013-10:30:00 65.69 55.21 -0.29 -0.18  20727  207.431 -183 
2021-013-10:35:00 63.00 53.50 -0.28 -0.18  20820  195.221 -183 
2021-013-10:40:00 60.68 51.70 -0.26 -0.19  20923  182.093 -183 
2021-013-10:45:00 58.68 49.82 -0.25 -0.19  21036  168.195 -183 
2021-013-10:50:00 56.98 47.87 -0.24 -0.20  21158  153.681 -183 
2021-013-10:55:00 55.55 45.88 -0.23 -0.20  21289  138.703 -183 
2021-013-11:00:00 54.36 43.85 -0.22 -0.20  21428  123.415 -183 
2021-013-11:05:00 53.38 41.80 -0.21 -0.20  21575  107.965 -183 
2021-013-11:10:00 52.59 39.72 -0.20 -0.20  21730  92.497 -183 
2021-013-11:15:00 51.97 37.64 -0.19 -0.20  21891  77.148 -183 
2021-013-11:20:00 51.51 35.55 -0.19 -0.20  22059  62.049 -183 
2021-013-11:25:00 51.19 33.47 -0.18 -0.20  22233  47.321 -183 
2021-013-11:30:00 50.99 31.39 -0.17 -0.19  22412  33.076 -183 
2021-013-11:35:00 50.91 29.32 -0.17 -0.19  22596  19.415 -183 
2021-013-11:40:00 50.92 27.26 -0.16 -0.19  22784   6.429 -184 
2021-013-11:45:00 51.04 25.21 -0.16 -0.18  22977  -5.801 -184 
2021-013-11:50:00 51.24 23.19 -0.15 -0.17  23173 -17.208 -184 
2021-013-11:55:00 51.52 21.17 -0.15 -0.17  23372 -27.732 -184 
2021-013-12:00:00 51.87 19.18 -0.14 -0.16  23574 -37.329 -184 
2021-013-12:05:00 52.30 17.21 -0.14 -0.16  23778 -45.963 -184 
2021-013-12:10:00 52.78 15.26 -0.13 -0.15  23984 -53.608 -184 
2021-013-12:15:00 53.33 13.33 -0.13 -0.14  24191 -60.249 -184 
2021-013-12:20:00 53.93 11.43 -0.12 -0.14  24400 -65.880 -184 
2021-013-12:25:00 54.58  9.54 -0.12 -0.13  24609 -70.506 -184 
2021-013-12:30:00 55.28  7.68 -0.11 -0.12  24819 -74.137 -184 
2021-013-12:35:00 56.03  5.84 -0.11 -0.11  25029 -76.793 -184 
2021-013-12:40:00 56.82  4.02 -0.10 -0.11  25239 -78.500 -184 
2021-013-12:45:00 57.66  2.23 -0.10 -0.10  25449 -79.290 -185 
2021-013-12:50:00 58.53  0.46 -0.09 -0.09  25658 -79.202 -185 
2021-013-12:55:00 59.44 -1.29 -0.09 -0.09  25866 -78.277 -185 
2021-013-13:00:00 60.38 -3.02 -0.09 -0.08  26073 -76.561 -185 
2021-013-13:05:00 61.36 -4.73 -0.08 -0.08  26279 -74.106 -185 
2021-013-13:10:00 62.37 -6.41 -0.08 -0.07  26484 -70.961 -185 
2021-013-13:15:00 63.41 -8.08 -0.07 -0.06  26686 -67.180 -185 
2021-013-13:20:00 64.48 -9.73 -0.07 -0.06  26887 -62.818 -185 
2021-013-13:25:00 65.58 -11.36 -0.06 -0.05  27086 -57.930 -185 
2021-013-13:30:00 66.70 -12.96 -0.06 -0.05  27283 -52.570 -185 
2021-013-13:35:00 67.85 -14.55 -0.05 -0.04  27478 -46.792 -185 
2021-013-13:40:00 69.02 -16.13 -0.04 -0.04  27670 -40.647 -185 
2021-013-13:45:00 70.22 -17.68 -0.04 -0.03  27860 -34.185 -185 
2021-013-13:50:00 71.43 -19.22 -0.03 -0.03  28048 -27.454 -185 
2021-013-13:55:00 72.67 -20.75 -0.03 -0.02  28233 -20.499 -185 
2021-013-14:00:00 73.93 -22.25 -0.02 -0.01  28415 -13.362 -185 
2021-013-14:05:00 75.20 -23.75 -0.02 -0.01  28594  -6.080 -186 
2021-013-14:10:00 76.50 -25.23 -0.01 -0.00  28771   1.312 -186 
2021-013-14:15:00 77.81 -26.69 -0.00  0.00  28945   8.783 -186 
2021-013-14:20:00 79.13 -28.15  0.00  0.01  29116  16.307 -186 
2021-013-14:25:00 80.47 -29.59  0.01  0.01  29283  23.860 -186 
2021-013-14:30:00 81.83 -31.02  0.02  0.02  29448  31.423 -186 
2021-013-14:35:00 83.19 -32.44  0.02  0.02  29610  38.983 -186 
2021-013-14:40:00 84.57 -33.84  0.03  0.03  29769  46.527 -186 
2021-013-14:45:00 85.96 -35.24  0.04  0.04  29925  54.047 -186 
2021-013-14:50:00 87.36 -36.64  0.04  0.04  30078  61.540 -186 
2021-013-14:55:00 88.77 -38.02  0.05  0.05  30228  69.004 -186 
2021-013-15:00:00 90.19 -39.39  0.06  0.05  30374  76.440 -186 
2021-013-15:05:00 91.62 -40.76  0.06  0.06  30517  83.852 -186 
2021-013-15:10:00 93.05 -42.12  0.07  0.06  30658  91.246 -186 
2021-013-15:15:00 94.49 -43.48  0.08  0.07  30795  98.629 -186 
2021-013-15:20:00 95.94 -44.83  0.09  0.08  30929  106.009 -186 
2021-013-15:25:00 97.39 -46.18  0.09  0.08  31059  113.395 -186 
2021-013-15:30:00 98.85 -47.52  0.10  0.09  31186  120.797 -186 
2021-013-15:35:00 100.31 -48.86  0.11  0.09  31311  128.225 -186 
2021-013-15:40:00 101.77 -50.20  0.11  0.10  31431  135.685 -186 
2021-013-15:45:00 103.24 -51.54  0.12  0.10  31549  143.185 -186 
2021-013-15:50:00 104.71 -52.87  0.13  0.11  31663  150.732 -186 
2021-013-15:55:00 106.18 -54.20  0.14  0.11  31773  158.329 -186 
2021-013-16:00:00 107.66 -55.54  0.14  0.11  31881  165.977 -186 
2021-013-16:05:00 109.13 -56.87  0.15  0.12  31984  173.676 -186 
2021-013-16:10:00 110.61 -58.20  0.16  0.12  32084  181.420 -187 
2021-013-16:15:00 112.09 -59.54  0.17  0.13  32181  189.203 -187 
2021-013-16:20:00 113.58 -60.88  0.17  0.13  32274  197.013 -187 
2021-013-16:25:00 115.07 -62.21  0.18  0.13  32363  204.837 -187 
2021-013-16:30:00 116.56 -63.56  0.19  0.13  32448  212.656 -187 
2021-013-16:35:00 118.06 -64.90  0.20  0.13  32530  220.447 -187 
2021-013-16:40:00 119.56 -66.25  0.21  0.14  32608  228.186 -187 
2021-013-16:45:00 121.08 -67.60  0.22  0.14  32681  235.843 -187 
2021-013-16:50:00 122.61 -68.95  0.23  0.14  32751  243.384 -187 
2021-013-16:55:00 124.16 -70.31  0.24  0.14  32816  250.773 -187 
2021-013-17:00:00 125.74 -71.68  0.25  0.14  32878  257.970 -187 
2021-013-17:05:00 127.35 -73.05  0.26  0.14  32935  264.932 -187 
2021-013-17:10:00 129.01 -74.42  0.28  0.14  32987  271.614 -187 
2021-013-17:15:00 130.73 -75.80  0.29  0.14  33035  277.968 -187 
2021-013-17:20:00 132.54 -77.19  0.31  0.13  33079  283.943 -187 
2021-013-17:25:00 134.48 -78.58  0.33  0.13  33118  289.488 -187 
2021-013-17:30:00 136.60 -79.97  0.36  0.13  33152  294.552 -187 
2021-013-17:35:00 139.01 -81.37  0.38  0.13  33181  299.080 -187 
2021-013-17:40:00 141.89 -82.77  0.42  0.12  33205  303.020 -187 
2021-013-17:45:00 145.57 -84.17  0.45  0.12  33225  306.320 -187 
2021-013-17:50:00 150.84 -85.56  0.47  0.12  33239  308.927 -187 
2021-013-17:55:00 159.81 -86.91  0.38  0.11  33248  310.791 -187 
2021-013-18:00:00 179.85 -88.12 -0.44  0.11  33251  311.865 -187 
2021-013-18:05:00 231.70 -88.70 -3.75  0.10  33249  312.104 -187 
2021-013-18:10:00 278.64 -87.96 -2.59  0.10  33242  311.464 -187 
2021-013-18:15:00 296.20 -86.69 -1.34  0.10  33229  309.907 -187 
2021-013-18:20:00 304.33 -85.28 -0.82  0.09  33210  307.399 -187 
2021-013-18:25:00 309.18 -83.83 -0.56  0.09  33186  303.911 -187 
2021-013-18:30:00 312.55 -82.36 -0.41  0.08  33156  299.416 -187 
2021-013-18:35:00 315.14 -80.86 -0.31  0.08  33120  293.895 -187 
2021-013-18:40:00 317.26 -79.36 -0.25  0.07  33078  287.335 -187 
2021-013-18:45:00 319.07 -77.84 -0.20  0.07  33030  279.727 -187 
2021-013-18:50:00 320.67 -76.30 -0.16  0.06  32976  271.070 -187 
2021-013-18:55:00 322.11 -74.76 -0.13  0.06  32915  261.369 -187 
2021-013-19:00:00 323.43 -73.21 -0.11  0.05  32849  250.636 -187 
2021-013-19:05:00 324.65 -71.64 -0.09  0.05  32776  238.888 -187 
2021-013-19:10:00 325.79 -70.07 -0.08  0.04  32698  226.150 -187 
2021-013-19:15:00 326.87 -68.48 -0.07  0.04  32613  212.455 -187 
2021-013-19:20:00 327.88 -66.89 -0.06  0.04  32522  197.840 -187 
2021-013-19:25:00 328.84 -65.29 -0.05  0.03  32425  182.350 -187 
2021-013-19:30:00 329.75 -63.67 -0.04  0.03  32321  166.038 -187 
2021-013-19:35:00 330.61 -62.05 -0.03  0.02  32212  148.960 -187 
2021-013-19:40:00 331.44 -60.42 -0.03  0.02  32096  131.180 -187 
2021-013-19:45:00 332.22 -58.77 -0.02  0.02  31974  112.767 -186 
2021-013-19:50:00 332.96 -57.12 -0.02  0.01  31847  93.796 -186 
2021-013-19:55:00 333.66 -55.46 -0.02  0.01  31713  74.345 -186 
